"district","hour","cs1","cs2","cs3","cs4","cs5"
"001","4am",3.1377423,17.005852,16.62018,29.172923,34.0633
"002","4am",8.9634958,4.050532,10.56111,45.986701,30.438164
"003","4am",3.8285299,10.506942,25.11447,30.23485,30.315209
"004","4am",11.5216466,11.506174,25.70784,30.61034,20.654005
"005","4am",2.9517148,11.325843,17.1221,35.577734,33.022614
"006","4am",5.2867605,8.517787,18.73855,37.8341,29.622799
"007","4am",4.8135221,6.981988,17.86208,36.464967,33.87744
"008","4am",6.2274503,8.059666,34.98912,32.491208,18.232553
"009","4am",2.1441998,11.319849,21.90655,38.799032,25.830369
"010","4am",2.502671,14.298307,36.02001,27.683028,19.495986
"011","4am",8.1850882,17.030907,34.34377,32.565563,7.874672
"012","4am",6.6575751,12.509647,29.77676,30.059319,20.996697
"013","4am",6.1310303,14.162293,27.35874,30.670626,21.677309
"014","4am",4.8213354,14.209949,31.55308,33.572781,15.842858
"015","4am",4.3848338,9.148705,25.32585,36.276514,24.864101
"016","4am",1.0024316,11.562814,27.73901,24.133487,35.562256
"017","4am",7.7972931,9.597247,26.48293,27.813216,28.309311
"018","4am",9.6902953,33.244045,24.1239,19.891204,13.05056
"019","4am",11.8597503,30.315268,31.1687,18.289356,8.366925
"020","4am",20.0569968,29.671964,40.83425,9.436787,0
"021","4am",5.0355656,17.195959,24.37275,29.783126,23.6126
"022","4am",9.4108376,7.094623,28.60005,32.896986,21.997502
"023","4am",6.3326691,6.38377,34.89475,31.485637,20.903172
"024","4am",9.7531164,17.688284,41.87241,18.69939,11.986795
"025","4am",6.2654745,9.030901,26.22431,27.589026,30.89029
"026","4am",3.3253977,8.115701,25.52434,29.157104,33.877457
"027","4am",5.4264637,11.886255,29.86682,29.313862,23.506604
"028","4am",0.7810867,4.553881,37.47826,36.716649,20.470122
"029","4am",4.2925095,11.015442,30.10872,30.824897,23.758433
"030","4am",5.6906213,7.737842,24.85882,28.478649,33.234065
"031","4am",5.3834688,10.831509,28.83435,32.665755,22.284917
"032","4am",6.4654606,9.169166,30.41456,30.581896,23.36892
"033","4am",4.200277,10.341815,31.92856,25.648625,27.880724
"034","4am",4.7432015,11.380898,30.42939,25.407264,28.039251
"035","4am",4.1331314,13.919835,27.91749,27.730189,26.299352
"036","4am",5.160374,14.81209,23.70455,29.076281,27.246707
"037","4am",2.1039634,15.439417,31.51084,26.858498,24.087278
"038","4am",4.4306152,2.636745,29.20203,41.425192,22.305416
"039","4am",5.324416,7.747008,25.64065,31.180594,30.107334
"040","4am",5.6970242,12.046924,17.68682,33.242099,31.327134
"041","4am",4.2536881,9.503983,22.27687,27.358257,36.607198
"042","4am",5.0964335,7.412951,34.58475,28.844288,24.061576
"043","4am",3.0043743,5.881577,30.79657,33.962358,26.355122
"044","4am",3.636474,16.160654,35.35103,29.326994,15.524849
"045","4am",4.4265588,11.666418,34.59311,31.868647,17.445266
"046","4am",3.1700415,6.948124,34.32281,27.221355,28.337668
"047","4am",1.8086847,12.617635,29.20269,37.081768,19.289223
"048","4am",5.4964394,17.468518,33.50444,31.253355,12.277248
"049","4am",4.5412507,6.617361,32.0118,37.721471,19.108115
"050","4am",3.6492328,12.647724,35.97852,32.241184,15.483336
"051","4am",4.7434178,8.015106,27.04556,26.21385,33.982062
"052","4am",3.7905235,9.385017,17.71714,37.35277,31.754553
"053","4am",6.2755576,10.314467,28.19029,31.102872,24.116813
"054","4am",4.2285767,15.291047,38.63571,26.834257,15.010414
"055","4am",3.5137874,10.618233,38.20793,22.706581,24.953467
"056","4am",3.1309554,7.070078,40.20645,34.878562,14.713953
"057","4am",5.9102304,4.315616,26.12112,31.617431,32.035606
"058","4am",6.1687579,17.919817,29.8435,29.782398,16.285526
"059","4am",5.8909669,19.208002,36.91734,26.119691,11.864
"060","4am",6.0837819,16.109745,42.34442,19.546264,15.91579
"061","4am",3.626047,17.000302,29.60197,32.013399,17.758285
"062","4am",3.6263173,7.385149,23.94182,41.303832,23.742884
"063","4am",1.273378,10.710844,26.51672,33.752184,27.746873
"064","4am",3.3410642,10.573441,33.97676,38.367165,13.741573
"065","4am",2.5624242,17.545705,27.77332,38.811325,13.307225
"066","4am",4.067612,13.786525,24.28132,43.722705,14.141838
"067","4am",3.807966,22.327218,23.0025,37.139468,13.722846
"068","4am",7.4437222,13.947568,33.111,34.721612,10.776101
"069","4am",3.3747057,13.916863,28.75466,39.134007,14.819769
"070","4am",3.3803396,16.841523,28.98941,37.167351,13.621377
"071","4am",8.3013414,27.378746,36.86868,21.514834,5.936397
"072","4am",7.2312253,18.761107,37.17011,25.049798,11.787762
"073","4am",9.1959134,18.705292,36.05773,26.101668,9.9394
"074","4am",10.8218795,20.530862,30.24639,23.211227,15.189647
"075","4am",11.3160051,21.11196,31.49303,21.950167,14.128839
"076","4am",8.2631912,15.507439,29.81298,37.545287,8.871101
"077","4am",5.1544313,12.56225,34.81203,28.690008,18.781284
"078","4am",5.449308,5.181054,52.21643,25.019812,12.133399
"079","4am",1.0305722,11.148842,51.91096,21.968127,13.941495
"080","4am",2.6540247,13.851095,47.24436,18.331712,17.91881
"001","5am",3.0542832,16.553522,15.10542,32.129504,33.157268
"002","5am",8.8303469,3.990364,11.88968,45.303588,29.986019
"003","5am",3.7582764,10.314139,26.10125,29.680041,30.146293
"004","5am",11.5953079,11.579736,25.87219,30.166711,20.786052
"005","5am",2.9517148,11.325843,17.1221,35.577734,33.022614
"006","5am",5.2867605,8.517787,18.73855,37.8341,29.622799
"007","5am",4.7942993,6.954105,17.79075,36.718694,33.74215
"008","5am",6.2583211,8.099619,34.66685,32.652274,18.322936
"009","5am",2.0835697,10.999765,24.45869,38.287448,24.170525
"010","5am",2.5640391,14.648917,35.9345,27.620172,19.232375
"011","5am",8.0944576,17.383338,33.96349,32.771232,7.787478
"012","5am",6.7707243,11.022699,30.28283,30.570194,21.353548
"013","5am",5.935233,16.590787,26.43553,30.05342,20.985034
"014","5am",4.8923575,13.866864,31.64962,33.514925,16.076236
"015","5am",4.4289378,9.240726,25.58058,35.635563,25.114192
"016","5am",1.0239678,10.787261,27.21053,24.65197,36.326274
"017","5am",7.72969,10.372735,27.23006,26.603652,28.063867
"018","5am",9.8599456,32.745253,23.87632,20.239444,13.279039
"019","5am",11.8597503,30.315268,31.1687,18.289356,8.366925
"020","5am",20.6263951,30.514322,40.04578,8.813505,0
"021","5am",5.0739525,16.56473,24.55855,30.010168,23.792603
"022","5am",9.0987446,6.859343,29.93768,32.836236,21.267996
"023","5am",6.0522395,6.101078,37.18271,30.686453,19.977517
"024","5am",9.7955649,18.866178,40.51852,18.780775,12.038966
"025","5am",6.1797876,8.907394,27.23327,27.211717,30.467834
"026","5am",3.3253977,8.115701,25.52434,29.157104,33.877457
"027","5am",5.5297781,12.970817,28.64841,28.896849,23.954146
"028","5am",0.7841326,4.571639,37.86846,36.225822,20.549947
"029","5am",4.2109789,11.073602,29.29686,31.069004,24.349558
"030","5am",5.6906213,7.737842,24.85882,28.478649,33.234065
"031","5am",5.4614799,10.519125,29.25219,32.159365,22.607845
"032","5am",6.4224014,8.12575,30.212,31.495612,23.744236
"033","5am",4.1838135,10.301279,31.80341,25.940054,27.771442
"034","5am",4.6826114,11.235517,32.12848,24.272315,27.681075
"035","5am",4.0052722,14.326846,28.75753,27.424574,25.485777
"036","5am",5.1055629,14.654763,24.51492,28.767446,26.957306
"037","5am",2.1179095,17.181857,31.05124,26.38422,23.264774
"038","5am",4.454703,2.65108,30.18263,40.284905,22.426683
"039","5am",5.3643605,6.941911,24.96979,32.390733,30.333204
"040","5am",5.6603088,11.198896,18.14859,33.027865,31.964337
"041","5am",4.2536881,9.503983,22.27687,27.358257,36.607198
"042","5am",5.1639771,7.511195,33.7178,29.226564,24.380467
"043","5am",2.9906146,5.85464,30.65552,33.806815,26.692406
"044","5am",3.6546426,15.741774,35.52765,29.473518,15.602415
"045","5am",4.4914254,11.837377,33.63464,32.335649,17.700908
"046","5am",3.118461,6.83507,33.76434,26.77843,29.503703
"047","5am",1.8946664,10.443408,30.59093,36.864793,20.206199
"048","5am",5.4964394,17.468518,33.50444,31.253355,12.277248
"049","5am",4.4456301,7.25686,32.06732,36.793967,19.436223
"050","5am",3.6708676,12.129848,36.19182,32.432329,15.575131
"051","5am",4.8830562,7.126404,27.84174,26.154692,33.994106
"052","5am",3.8176448,10.021478,17.8439,36.335217,31.981757
"053","5am",6.2755576,10.314467,28.19029,31.102872,24.116813
"054","5am",4.283925,15.185975,38.13772,27.185494,15.206887
"055","5am",3.5886216,10.844373,37.66496,22.417135,25.484908
"056","5am",3.1808169,7.182672,40.06847,34.619759,14.948278
"057","5am",5.8266957,4.254619,25.04528,33.290591,31.582818
"058","5am",6.3319738,18.393948,29.81551,29.831498,15.627072
"059","5am",5.8919393,19.211173,36.4093,26.621635,11.865958
"060","5am",5.9502013,15.756026,42.78966,19.937779,15.566329
"061","5am",3.6840383,16.697191,30.07539,31.501086,18.042293
"062","5am",3.6365008,7.405888,25.29541,39.852644,23.80956
"063","5am",1.3104631,9.006354,27.28898,33.839248,28.554957
"064","5am",3.3410642,10.573441,33.97676,38.367165,13.741573
"065","5am",2.5813003,16.938306,27.97791,39.097229,13.405253
"066","5am",4.067612,13.786525,24.28132,43.722705,14.141838
"067","5am",3.9278043,21.529436,22.07979,38.308263,14.15471
"068","5am",7.6499462,13.536003,32.05585,35.683554,11.074646
"069","5am",3.4928688,14.404153,29.76148,37.526329,14.815169
"070","5am",3.2909771,18.88678,28.05489,36.506067,13.261283
"071","5am",8.4574301,26.594714,36.98046,21.919373,6.048018
"072","5am",7.3889822,18.525476,36.95087,25.089745,12.044925
"073","5am",9.1754028,20.335534,34.52838,26.043451,9.917231
"074","5am",11.1131622,18.69366,31.66811,23.835982,14.689086
"075","5am",11.2531261,21.550313,31.31803,21.828198,14.05033
"076","5am",8.3098521,15.030324,29.98133,37.757299,8.921194
"077","5am",5.1832405,12.632463,35.0066,28.29144,18.886257
"078","5am",5.4963017,5.225735,52.66673,24.373197,12.238035
"079","5am",1.0305722,11.148842,51.91096,21.968127,13.941495
"080","5am",2.6957988,14.06911,46.41399,18.620251,18.20085
"001","6am",2.9802193,17.757686,14.73913,32.169736,32.353232
"002","6am",8.9654733,4.051426,11.3065,45.231721,30.44488
"003","6am",3.6490143,11.31443,26.86267,29.280127,28.893763
"004","6am",11.7826939,11.76687,26.2903,29.03817,21.121965
"005","6am",2.9903433,10.596214,16.65875,36.299915,33.454774
"006","6am",5.4765669,8.823594,16.62272,38.8229,30.254223
"007","6am",4.8127414,6.980855,18.30371,36.859939,33.042755
"008","6am",6.3356198,7.480038,34.57952,33.055574,18.549249
"009","6am",1.9987994,10.094492,24.51234,39.742616,23.651755
"010","6am",2.5999775,14.854241,34.28446,28.007305,20.254012
"011","6am",7.989831,17.604996,35.23298,31.485373,7.68682
"012","6am",6.8651172,10.388441,30.09881,30.996383,21.651245
"013","6am",5.6586821,18.949505,25.65959,30.931899,18.800325
"014","6am",4.9620518,13.253797,31.37635,33.175991,17.231807
"015","6am",4.5767818,9.183063,24.24436,36.043254,25.952538
"016","6am",0.9857035,10.384156,27.42495,26.236381,34.96881
"017","6am",7.9420938,10.03884,27.24679,25.937242,28.835032
"018","6am",9.7742456,32.46064,24.06171,20.539784,13.163622
"019","6am",11.966305,28.295719,31.2876,20.008278,8.442098
"020","6am",21.4137902,28.939592,40.49666,9.149953,0
"021","6am",5.2654647,17.123062,24.44919,30.300838,22.861447
"022","6am",8.0087465,6.530957,29.40873,37.331406,18.720164
"023","6am",6.0478523,5.009125,38.06664,31.51405,19.362331
"024","6am",10.1159536,17.562129,40.49414,19.395048,12.43273
"025","6am",5.9354981,7.362225,28.51431,26.136027,32.051944
"026","6am",3.4114485,6.903442,27.759,28.085204,33.840902
"027","6am",5.504941,15.590966,27.89061,26.6595,24.353988
"028","6am",0.7560578,5.489634,38.33799,36.358192,19.058126
"029","6am",4.3596132,12.539258,29.92017,29.536001,23.64496
"030","6am",5.557537,6.910461,25.97772,29.097448,32.456833
"031","6am",5.4288056,10.456193,28.72825,31.973285,23.413464
"032","6am",5.9543625,11.537972,31.85977,28.634047,22.013852
"033","6am",4.2940206,9.855289,33.20302,25.950211,26.697461
"034","6am",4.7160037,11.981053,32.35759,23.883051,27.062299
"035","6am",3.7690506,18.183493,27.48796,26.576813,23.982685
"036","6am",5.0524957,15.647938,24.26011,28.362341,26.677111
"037","6am",2.1452786,17.840782,31.19949,25.249033,23.565418
"038","6am",4.6482457,3.147464,30.13622,38.667014,23.401051
"039","6am",5.5124483,7.067177,23.99423,32.255568,31.170578
"040","6am",5.6667386,11.478634,18.56281,33.065382,31.226434
"041","6am",4.3466383,9.822776,23.56233,25.745444,36.522814
"042","6am",5.310541,7.395945,33.06066,29.160419,25.072433
"043","6am",2.9851011,4.939205,32.97862,31.991638,27.105435
"044","6am",3.8507894,9.648414,37.43444,32.626551,16.439805
"045","6am",4.6425395,10.720948,33.84138,32.49868,18.296455
"046","6am",3.2057934,5.838061,34.08008,26.546112,30.329953
"047","6am",1.9092246,11.63578,30.82599,36.02529,19.603717
"048","6am",5.8173999,16.442307,34.80068,30.605673,12.333941
"049","6am",4.5567844,7.438304,29.57804,38.504681,19.922187
"050","6am",3.7113378,10.851495,36.14791,33.542416,15.746842
"051","6am",5.0616306,5.057879,28.85992,25.783293,35.237277
"052","6am",4.0141641,9.490628,18.76245,36.368321,31.364441
"053","6am",6.5558642,9.598531,27.43456,31.949751,24.461293
"054","6am",4.3172653,15.307745,38.20417,27.620718,14.550106
"055","6am",3.6774992,10.417802,36.81629,22.972329,26.11608
"056","6am",3.1808169,7.182672,40.06847,34.619759,14.948278
"057","6am",5.8950808,5.127749,25.33922,31.684461,31.95349
"058","6am",6.2673319,19.324482,29.51113,29.429521,15.467539
"059","6am",6.4908018,15.078206,37.83845,28.147095,12.445446
"060","6am",6.131832,13.544142,44.09582,20.186708,16.041494
"061","6am",3.9713965,15.73154,28.48333,32.364124,19.449607
"062","6am",3.7995486,8.662518,24.17404,39.513902,23.849987
"063","6am",1.3589287,8.727705,28.29822,32.004125,29.611021
"064","6am",3.4144023,8.486825,35.24614,40.225961,12.626674
"065","6am",2.7038375,14.751332,27.08809,39.094991,16.361755
"066","6am",4.3330553,11.826246,24.64603,44.129965,15.064702
"067","6am",3.8964216,21.733746,21.90337,38.424846,14.041615
"068","6am",7.8255152,13.846659,32.79154,35.586077,9.950206
"069","6am",3.5483577,14.632982,29.19771,37.570421,15.050527
"070","6am",3.1900325,20.209273,27.19436,36.351125,13.055208
"071","6am",8.5652346,25.183359,36.27869,23.847606,6.12511
"072","6am",7.4255104,19.983634,36.63967,22.656542,13.29464
"073","6am",8.8114476,18.549132,35.71193,27.585737,9.341754
"074","6am",10.850912,19.65804,31.41063,23.273497,14.806922
"075","6am",12.2243484,22.55753,31.51887,20.266699,13.43255
"076","6am",8.8949737,16.088654,27.89077,37.576242,9.549363
"077","6am",5.3680716,13.393915,34.22926,29.300295,17.708457
"078","6am",5.6908608,5.410716,52.52132,23.705868,12.671239
"079","6am",1.0348414,11.195027,52.8152,21.58229,13.372646
"080","6am",2.8700832,10.301047,47.51448,19.936844,19.377542
"001","7am",2.8250963,17.955655,15.2669,33.41803,30.53432
"002","7am",8.7983907,8.218165,15.26157,40.84801,26.873867
"003","7am",3.5845186,7.742965,28.79407,31.83776,28.040682
"004","7am",10.9578472,10.728691,28.47162,30.40536,19.436488
"005","7am",3.1396685,7.101081,18.50036,35.38875,35.870141
"006","7am",5.4515312,9.546392,19.42526,41.0553,24.521517
"007","7am",5.2465137,5.717262,19.10143,36.11999,33.814799
"008","7am",7.1188417,4.679673,38.53853,34.83821,14.824748
"009","7am",1.8050966,7.13741,27.06324,38.19767,25.79659
"010","7am",2.7017577,12.3066,35.26724,29.69831,20.026093
"011","7am",7.7565997,17.078967,36.69184,31.64771,6.824884
"012","7am",7.2125669,10.91421,29.8761,29.25009,22.747033
"013","7am",5.9792508,13.949161,28.51217,31.31556,20.24386
"014","7am",5.7323499,15.266981,33.64153,26.3249,19.034239
"015","7am",5.4341046,7.376543,25.99811,33.72407,27.467176
"016","7am",1.1152646,11.131119,30.32522,25.17346,32.254943
"017","7am",8.1202277,7.637717,21.74203,30.42243,32.077599
"018","7am",9.6650386,30.470199,24.15278,23.62256,12.089419
"019","7am",11.4841479,23.602058,28.49286,21.81264,14.6083
"020","7am",20.8827226,25.911223,39.19639,10.75133,3.258326
"021","7am",7.3909985,17.783578,26.57511,29.72226,18.528051
"022","7am",5.5691521,7.473999,29.48384,33.87041,23.6026
"023","7am",5.5565138,5.447468,37.42885,28.33265,23.234517
"024","7am",10.2266778,16.484895,40.88241,20.67571,11.730306
"025","7am",7.7760996,4.042432,26.32538,27.11365,34.742441
"026","7am",3.7988336,9.834076,26.95661,26.97998,32.430499
"027","7am",4.6267157,17.206504,27.66303,24.43993,26.06382
"028","7am",0.6995381,3.40463,39.47517,34.45454,21.966126
"029","7am",4.1732697,13.129792,29.97304,28.62594,24.097962
"030","7am",5.1701138,5.906085,31.20116,26.94558,30.777066
"031","7am",6.1453139,8.972339,30.08821,32.28447,22.509661
"032","7am",5.3382193,12.28864,28.19216,32.8497,21.331286
"033","7am",4.6130006,11.293313,30.51987,27.37223,26.201578
"034","7am",4.2866094,16.590457,36.85029,17.94782,24.324825
"035","7am",3.37624,22.512431,26.2945,25.19082,22.626009
"036","7am",5.5641392,14.15373,22.84398,28.71387,28.72428
"037","7am",1.551177,17.578707,30.97419,27.27302,22.6229
"038","7am",5.9810075,3.004476,27.58164,44.1261,19.30678
"039","7am",6.4328214,7.335213,24.88393,33.11615,28.231889
"040","7am",6.132645,12.759262,22.0867,32.87278,26.148619
"041","7am",4.7503408,10.619832,27.92319,23.29428,33.412359
"042","7am",6.3180636,5.597651,29.26138,37.04234,21.780565
"043","7am",2.972915,4.994894,33.94117,31.76664,26.324384
"044","7am",4.322935,7.360882,39.41057,35.64501,13.26061
"045","7am",5.131007,12.678209,33.87116,31.32612,16.993509
"046","7am",3.6967133,6.85763,35.56153,29.63206,24.252069
"047","7am",2.0377885,12.570919,31.71171,36.74113,16.938451
"048","7am",6.0647417,14.967127,32.52336,29.07401,17.370766
"049","7am",5.1725947,9.548617,28.35602,38.64722,18.275547
"050","7am",4.3311181,12.146772,29.80932,35.33628,18.376509
"051","7am",5.7562308,7.382045,30.83137,23.54337,32.486993
"052","7am",4.8770244,11.333731,16.79913,39.59256,27.397556
"053","7am",8.2971456,7.893974,29.61707,32.74642,21.445383
"054","7am",4.7058149,20.985782,36.04852,24.52898,13.730902
"055","7am",3.9849339,10.535457,38.47589,24.43139,22.572327
"056","7am",3.3993294,11.187646,38.87812,33.14659,13.388321
"057","7am",7.3552151,4.909099,24.93444,37.48189,25.319349
"058","7am",6.7830042,19.841933,31.91822,25.59249,15.864353
"059","7am",6.4100636,16.313317,38.81687,27.12292,11.336829
"060","7am",6.3053472,12.19267,45.50973,20.51389,15.478357
"061","7am",4.4565367,18.651747,29.35283,32.62006,14.918826
"062","7am",4.6662699,8.395817,29.10053,31.32255,26.514832
"063","7am",1.5495633,9.132336,30.35188,28.70197,30.264255
"064","7am",3.9422772,7.855447,34.82577,40.45438,12.922129
"065","7am",2.7492145,17.148282,26.42201,38.32626,15.354232
"066","7am",5.0485745,10.61417,26.16255,40.62236,17.552343
"067","7am",4.4079806,23.564971,22.78795,37.65175,11.587348
"068","7am",8.0551316,15.383818,34.04434,35.19172,7.324984
"069","7am",3.8726144,15.65093,33.4037,31.49289,15.57986
"070","7am",3.6210588,19.660883,30.22757,35.40828,11.082203
"071","7am",8.943829,25.414565,34.94881,25.85357,4.83922
"072","7am",8.2017366,19.05635,36.78238,19.9126,16.046935
"073","7am",9.1788494,18.296777,35.99205,27.82237,8.709955
"074","7am",11.0405437,19.134,30.06782,24.19509,15.562539
"075","7am",11.2275174,23.359807,29.88352,22.90724,12.621916
"076","7am",8.7410919,15.810323,27.40826,36.0732,11.967129
"077","7am",6.2003036,16.109638,33.82904,26.10147,17.759547
"078","7am",5.8306295,6.061668,50.99982,24.19487,12.913017
"079","7am",1.0719357,11.596318,52.53588,22.40157,12.394288
"080","7am",3.1544626,12.411863,44.64899,21.91227,17.872417
"001","8am",2.1125084,14.493635,16.91559,32.89628,33.581988
"002","8am",6.8233808,6.373401,26.72333,36.56252,23.517367
"003","8am",4.5864674,11.192939,31.34429,28.45985,24.41645
"004","8am",12.3186063,11.731077,29.98135,26.56862,19.400352
"005","8am",3.2378556,7.323154,24.48582,30.5163,34.436861
"006","8am",4.9732578,9.3398,23.37503,43.57901,18.732897
"007","8am",7.6019926,7.304876,25.77633,34.59353,24.723267
"008","8am",7.8040751,5.130121,40.80044,33.37519,12.890169
"009","8am",1.4654644,5.591885,29.06667,39.82667,24.049305
"010","8am",2.70083,16.688796,35.5279,25.38547,19.697002
"011","8am",7.082991,15.941855,31.51619,33.698,11.760961
"012","8am",8.5220902,11.255057,29.02333,27.56418,23.63534
"013","8am",3.9570605,16.657581,29.69362,30.25946,19.432277
"014","8am",4.4411574,15.651386,36.41472,26.57525,16.917488
"015","8am",5.5497492,8.578371,28.66558,36.3933,20.812994
"016","8am",1.3438769,15.688552,30.4366,28.35148,24.17949
"017","8am",7.3564585,10.026336,23.02234,30.35676,29.238108
"018","8am",8.0535573,25.835107,27.05863,24.56834,14.484364
"019","8am",8.3201617,17.96886,26.81999,25.13975,21.751237
"020","8am",22.7912277,22.607401,34.29677,17.12165,3.18295
"021","8am",7.342269,21.497907,25.86867,25.31631,19.974841
"022","8am",4.5390182,6.59559,25.85872,35.11947,27.887206
"023","8am",5.2408489,5.374119,35.09118,25.12347,29.17039
"024","8am",9.4522799,17.230617,39.54675,26.06796,7.702387
"025","8am",6.6320046,2.421408,21.02143,27.96796,41.957196
"026","8am",4.5364964,11.743671,26.06962,24.03804,33.612175
"027","8am",3.5770942,9.811458,21.73786,28.55908,36.314509
"028","8am",0.5966779,3.14883,44.28019,27.75458,24.219719
"029","8am",3.3715984,12.815323,30.62096,30.3325,22.859621
"030","8am",4.3432553,4.608765,33.54031,28.78222,28.725448
"031","8am",8.1389283,13.994946,28.80059,30.98825,18.077287
"032","8am",4.6571516,13.042453,24.83396,32.70268,24.763755
"033","8am",5.1822728,11.82192,40.3174,23.36106,19.317352
"034","8am",3.1113869,11.087591,32.80383,25.14154,27.855657
"035","8am",1.6095672,19.655252,24.85504,34.03863,19.84151
"036","8am",6.2925254,15.263618,24.83945,27.49158,26.112827
"037","8am",1.7027314,18.119044,30.26212,27.75449,22.16161
"038","8am",6.2596425,3.500306,24.88335,42.90181,22.454891
"039","8am",7.206467,8.217385,27.4408,29.29457,27.840774
"040","8am",5.4829572,12.910823,20.30204,33.25775,28.046432
"041","8am",5.1168114,10.747303,23.81535,28.65533,31.665199
"042","8am",7.2597412,6.431955,31.11347,42.26019,12.93465
"043","8am",2.8255496,2.930971,30.93395,31.41302,31.896509
"044","8am",3.8753838,5.507596,40.69541,33.5658,16.355811
"045","8am",6.5751126,15.795881,31.96726,30.325,15.336752
"046","8am",4.3949952,10.576526,35.06694,24.65791,25.303627
"047","8am",2.0483015,12.768892,34.66147,36.55631,13.965024
"048","8am",6.8901849,17.004231,33.72963,26.79763,15.578321
"049","8am",5.9103513,12.713465,32.84803,35.15828,13.369877
"050","8am",3.9250234,11.436139,34.45654,36.56219,13.620107
"051","8am",7.0786106,8.384253,33.56574,25.00383,25.96757
"052","8am",5.4089775,14.671701,22.97132,35.46864,21.479362
"053","8am",9.6081721,10.021318,33.47454,28.51807,18.377901
"054","8am",6.6733029,15.769666,37.38037,27.45556,12.7211
"055","8am",4.4920416,11.87616,39.48936,23.01027,21.132178
"056","8am",3.4518796,13.145517,38.38952,32.51295,12.500127
"057","8am",6.7626544,5.318572,24.29845,35.97604,27.644282
"058","8am",6.8973302,20.636799,36.09994,21.301,15.064929
"059","8am",6.601343,18.126191,37.75286,28.75638,8.763227
"060","8am",6.4121476,12.399191,42.83221,19.49049,18.865964
"061","8am",5.1981012,18.064086,31.53814,37.56486,7.634809
"062","8am",5.6939888,13.742663,32.62485,27.70594,20.232556
"063","8am",1.8863819,9.560441,28.72205,35.19442,24.636706
"064","8am",4.834603,6.826699,31.32585,45.2957,11.717142
"065","8am",2.3825669,17.640908,33.58523,35.58598,10.80532
"066","8am",5.2721538,12.191838,27.79399,38.26292,16.479091
"067","8am",5.3959417,24.436026,24.19953,37.37722,8.591288
"068","8am",7.9674704,16.539721,33.65067,33.96677,7.875365
"069","8am",3.9161009,17.592572,34.84192,32.50729,11.142114
"070","8am",3.8855823,20.475844,31.66466,34.05264,9.921274
"071","8am",7.6729676,22.519261,34.85131,30.38815,4.568304
"072","8am",9.9208604,21.556428,33.88969,20.25475,14.378281
"073","8am",9.2709668,16.41032,37.30369,28.84985,8.16517
"074","8am",10.4771928,20.365268,27.13512,25.74978,16.272632
"075","8am",10.9072465,23.648767,28.74498,23.98195,12.71706
"076","8am",9.3287458,16.873233,26.09723,34.92913,12.771666
"077","8am",7.2641199,16.527519,33.10977,27.66351,15.435083
"078","8am",5.7534038,6.505961,51.14664,22.73184,13.862156
"079","8am",1.1029433,11.160123,52.9419,21.54686,13.248178
"080","8am",3.5862593,11.613269,47.67013,21.06148,16.068856
"001","9am",2.3790404,8.898018,19.93629,35.54827,33.238389
"002","9am",4.3640684,9.380599,25.60465,31.59515,29.055537
"003","9am",3.7579957,10.814742,35.31065,27.53053,22.58608
"004","9am",13.6322774,13.409373,29.17139,26.93047,16.856484
"005","9am",3.3686467,11.054027,21.41307,31.63528,32.528974
"006","9am",8.2876424,10.13392,20.39951,37.54172,23.637207
"007","9am",5.26518,7.973045,30.83022,29.48693,26.444629
"008","9am",5.9647683,6.870508,36.76512,37.37576,13.023846
"009","9am",1.0339202,5.224184,32.46698,39.58795,21.686965
"010","9am",2.6116244,18.217499,38.14815,22.81728,18.205448
"011","9am",6.7156395,12.796045,34.08625,34.12998,12.27208
"012","9am",9.5039886,11.130426,27.08246,29.66648,22.61665
"013","9am",3.0429291,18.865298,30.04504,27.55626,20.490473
"014","9am",3.8148572,16.666657,36.13006,27.80599,15.582441
"015","9am",6.3763261,10.000869,32.07136,29.66026,21.891189
"016","9am",1.456567,18.866608,29.33021,31.6412,18.705415
"017","9am",9.2437855,10.787377,22.47676,29.15604,28.336042
"018","9am",7.9787769,28.963499,24.60102,23.8099,14.64681
"019","9am",9.6768639,16.307538,25.33306,25.68283,22.999703
"020","9am",21.9281596,21.012452,37.79852,15.47217,3.788695
"021","9am",7.554695,16.801159,32.04271,25.42605,18.175381
"022","9am",3.9935977,6.953141,26.05002,33.60147,29.401777
"023","9am",6.5340403,6.200945,31.71129,25.83128,29.722447
"024","9am",11.4881257,20.303189,37.23796,24.04168,6.929044
"025","9am",4.0572221,1.847459,21.16571,28.18767,44.741936
"026","9am",2.9102225,11.789563,22.41394,24.77381,38.11247
"027","9am",2.9749964,7.716861,18.84138,29.37532,41.091448
"028","9am",0.8330566,3.485772,39.51481,30.79895,25.367408
"029","9am",3.2702334,11.61856,30.82544,30.84983,23.435938
"030","9am",4.9114156,6.362037,30.81182,32.99855,24.91617
"031","9am",9.1841309,14.183908,28.0682,30.39559,18.168169
"032","9am",3.2303138,13.775429,27.57231,33.48051,21.941435
"033","9am",4.8483186,7.31451,39.39042,26.63042,21.816335
"034","9am",3.501686,11.274122,36.33572,24.43708,24.451394
"035","9am",3.1022759,16.576032,28.15652,33.96468,18.200498
"036","9am",6.5957882,15.452878,24.03871,28.12568,25.786945
"037","9am",1.6708341,18.243539,31.97216,25.83413,22.279336
"038","9am",5.002664,5.647905,29.29644,38.40732,21.645667
"039","9am",6.7863625,6.935144,27.28695,28.46513,30.526409
"040","9am",5.4745751,12.632526,22.31262,31.95234,27.627938
"041","9am",4.7192105,9.15781,23.22488,26.08185,36.816247
"042","9am",8.3769895,4.280572,32.18895,38.25651,16.896975
"043","9am",2.8459102,3.433706,32.18855,32.34456,29.187277
"044","9am",4.0673585,5.456091,40.87048,34.79181,14.814261
"045","9am",7.2306286,15.481698,35.20004,31.14753,10.940098
"046","9am",4.0709515,11.373436,35.15364,28.32349,21.078483
"047","9am",1.9273255,12.834135,32.98826,36.98047,15.269805
"048","9am",7.6232841,18.813441,30.61499,30.58375,12.364537
"049","9am",6.4572122,14.275259,31.4523,34.13152,13.683709
"050","9am",2.1635437,12.200441,33.51642,36.05743,16.062169
"051","9am",7.6722472,9.087386,32.30891,24.29162,26.639835
"052","9am",5.395099,16.688937,23.41602,32.64913,21.850822
"053","9am",11.4279895,10.266614,32.99091,26.67581,18.638677
"054","9am",6.4525464,17.346716,34.92913,29.27079,12.000823
"055","9am",5.0191413,14.950799,37.20152,21.24664,21.581902
"056","9am",4.4759954,13.131877,35.40639,32.80335,14.182392
"057","9am",6.7207125,5.285587,26.51564,37.30491,24.173149
"058","9am",6.074045,23.189041,34.98144,26.62255,9.132916
"059","9am",6.9016264,19.577038,37.43057,26.75783,9.332939
"060","9am",5.4743988,9.981939,42.79092,24.18107,17.571676
"061","9am",5.5522731,18.753621,30.37779,36.67954,8.636784
"062","9am",5.4112569,15.13026,33.28324,28.30837,17.866866
"063","9am",2.2281852,11.292747,32.95437,29.88457,23.640134
"064","9am",5.5893429,10.154011,31.42409,44.86311,7.969449
"065","9am",2.3844689,16.769255,33.08659,35.3351,12.424587
"066","9am",5.5137838,14.349252,27.02274,37.59991,15.514319
"067","9am",5.6526158,24.534573,26.09913,34.70316,9.01052
"068","9am",8.8234374,15.581771,33.11779,35.15931,7.317697
"069","9am",4.7413054,21.927329,33.58543,30.0875,9.658434
"070","9am",4.3567035,20.855017,31.48063,32.72925,10.578396
"071","9am",6.4069117,21.97942,38.14497,27.85127,5.617427
"072","9am",14.6775117,20.228525,30.83577,20.62245,13.635742
"073","9am",9.6192526,16.851251,33.29452,29.71737,10.517605
"074","9am",11.0065446,16.392326,27.78405,27.81315,17.00393
"075","9am",7.2654557,24.657952,31.55499,23.99334,12.528266
"076","9am",9.0846992,17.414031,24.57645,36.28685,12.637967
"077","9am",7.6915916,16.571422,34.28383,26.05025,15.402909
"078","9am",5.4629292,5.231769,50.35932,26.2667,12.679279
"079","9am",1.0947101,10.788492,56.11249,19.77575,12.228564
"080","9am",3.4254976,11.561705,42.83991,26.19018,15.982707
"001","10am",3.2167388,11.453216,18.02692,35.57492,31.728208
"002","10am",4.2301502,7.912425,20.74962,39.77712,27.330688
"003","10am",4.0601529,11.627664,33.47484,28.12285,22.714492
"004","10am",12.9754748,13.308383,21.54188,32.06092,20.11334
"005","10am",4.7250145,8.937437,20.84142,27.11556,38.380563
"006","10am",6.9135123,7.494606,21.26571,40.59572,23.730456
"007","10am",6.7662945,8.416712,34.20639,29.83016,20.780451
"008","10am",6.9625486,7.23317,34.62871,37.36648,13.809099
"009","10am",1.4067704,6.108326,34.25197,36.33879,21.894145
"010","10am",2.9090378,17.833152,35.96893,22.42482,20.864058
"011","10am",7.2310456,12.226165,39.09655,30.24184,11.204397
"012","10am",10.0467057,9.96134,29.67826,28.55152,21.762169
"013","10am",2.276164,19.679979,28.17165,28.40322,21.468987
"014","10am",4.8055182,17.902509,32.84187,29.82572,14.624383
"015","10am",7.5139155,9.442309,32.36781,26.69328,23.982691
"016","10am",1.4065283,18.983211,30.80127,31.04989,17.759103
"017","10am",9.127973,11.046467,24.815,28.03376,26.976802
"018","10am",8.2905903,27.313212,25.92183,23.81557,14.658796
"019","10am",10.078392,17.371007,23.87669,25.85697,22.816936
"020","10am",19.9488775,24.870016,32.3559,17.5436,5.281607
"021","10am",7.4768646,17.715401,28.60532,30.90623,15.296182
"022","10am",3.4023028,7.677002,26.20958,34.06193,28.649185
"023","10am",6.3409652,4.371706,31.01474,27.85705,30.415535
"024","10am",10.5090201,17.208528,43.9763,20.73597,7.570182
"025","10am",4.0690403,1.852841,20.89352,27.16363,46.020972
"026","10am",4.3644562,9.670646,20.77655,24.63602,40.552328
"027","10am",2.8513519,8.506091,19.16587,29.4133,40.063389
"028","10am",0.8201771,3.444163,38.00588,31.80766,25.922116
"029","10am",4.6610699,11.698962,29.9009,31.82165,21.917421
"030","10am",2.9568206,7.96382,30.41748,33.79188,24.869998
"031","10am",7.8002976,14.031303,30.94129,29.62615,17.600963
"032","10am",4.9858492,15.204494,24.65043,32.40188,22.757353
"033","10am",6.1056333,8.125977,36.99824,27.65086,21.119289
"034","10am",2.8484266,10.903073,38.49616,24.82199,22.930351
"035","10am",3.1740962,17.535294,30.20636,30.42175,18.662498
"036","10am",7.1303584,14.091555,29.04856,26.8277,22.901822
"037","10am",2.3926919,16.132351,36.14849,27.33983,17.986636
"038","10am",5.3747429,3.395778,30.78175,38.8464,21.601327
"039","10am",6.9145688,8.218253,28.07788,24.46991,32.319389
"040","10am",5.332682,11.830829,22.98405,34.65307,25.199371
"041","10am",4.2961455,10.53518,22.84181,23.71739,38.609482
"042","10am",8.7566529,6.360506,33.19629,34.06262,17.623934
"043","10am",3.0404133,3.571372,33.95976,30.28252,29.145936
"044","10am",3.3496851,6.179628,39.9758,36.47291,14.021977
"045","10am",6.8622663,14.692988,35.63794,30.45575,12.351056
"046","10am",3.9727523,14.077192,35.71185,27.91608,18.322125
"047","10am",1.9097519,12.667246,33.35102,36.59627,15.475714
"048","10am",5.4136907,18.769587,32.57251,30.13449,13.109713
"049","10am",6.748327,13.811393,32.29217,33.94986,13.198251
"050","10am",2.2076104,11.939741,33.3695,35.26425,17.218894
"051","10am",5.5713735,9.307243,39.05396,25.87869,20.188735
"052","10am",5.7184446,18.707017,23.08064,29.92015,22.573749
"053","10am",10.5221692,12.585861,27.70208,30.16165,19.028239
"054","10am",5.8902648,17.624493,35.85322,28.6581,11.973918
"055","10am",2.7766285,13.373633,39.01755,26.94429,17.887892
"056","10am",3.6140768,14.888721,37.00564,30.38619,14.105369
"057","10am",5.8910054,7.443652,30.51055,34.49149,21.663299
"058","10am",7.2930708,21.649665,32.07351,24.90395,14.079802
"059","10am",6.5738271,17.967516,35.89576,29.13042,10.432485
"060","10am",7.323833,10.225611,42.66935,24.24693,15.53428
"061","10am",5.3654112,20.535068,32.2978,34.44422,7.357505
"062","10am",5.4689085,15.291458,33.97574,28.31033,16.953565
"063","10am",1.196666,10.352186,32.39098,32.97496,23.085207
"064","10am",5.9128385,9.847197,32.53062,43.27865,8.430698
"065","10am",3.2805676,16.497085,34.51454,30.50651,15.201296
"066","10am",4.8603826,13.785018,27.36651,38.81697,15.171125
"067","10am",5.165758,24.882752,28.18804,32.90207,8.861376
"068","10am",7.6708921,16.652148,33.24586,35.82799,6.603113
"069","10am",4.4575788,23.405969,33.02298,29.3181,9.795364
"070","10am",4.8317709,21.815712,29.25844,33.81402,10.280057
"071","10am",9.658092,23.824846,37.53917,24.13587,4.842018
"072","10am",7.7841469,18.733883,32.69148,25.97619,14.814303
"073","10am",10.462393,16.177532,33.81621,29.1687,10.375168
"074","10am",8.6533681,20.017649,26.75329,27.56799,17.007709
"075","10am",10.19702,22.505943,30.4235,24.03834,12.835191
"076","10am",9.4019779,16.783116,26.56303,34.82818,12.423702
"077","10am",7.8802838,16.681063,35.52156,23.72356,16.19353
"078","10am",5.1240275,8.447032,46.30792,27.44444,12.676582
"079","10am",1.0968809,9.870842,56.22376,20.55571,12.252813
"080","10am",3.3017268,12.110019,40.49006,27.02824,17.069964
"001","11am",2.5530785,8.716968,19.9346,34.90745,33.887902
"002","11am",3.0945417,8.08956,26.17756,39.93397,22.704365
"003","11am",2.0842984,11.131766,31.96346,29.78916,25.031312
"004","11am",12.8739951,14.918412,22.31455,31.22166,18.671384
"005","11am",10.8737276,8.072005,21.40196,25.99189,33.660417
"006","11am",6.3985299,11.091872,21.37354,40.49068,20.645378
"007","11am",5.7379077,6.939156,32.49047,34.1746,20.657874
"008","11am",7.0392941,7.312899,35.90837,34.42956,15.309875
"009","11am",1.7951889,4.234323,32.15428,34.70876,27.107448
"010","11am",3.0389074,16.567894,35.72253,22.05784,22.612835
"011","11am",6.9022176,14.283628,38.01097,28.99528,11.807904
"012","11am",8.4620914,11.527019,29.3182,27.81241,22.880277
"013","11am",4.3383662,14.048358,30.62946,28.6452,22.338619
"014","11am",6.1778631,19.097738,36.86203,24.30308,13.559283
"015","11am",4.7728072,9.536058,35.56571,28.1107,22.014727
"016","11am",1.344182,13.610394,29.98412,36.11316,18.948141
"017","11am",7.9675233,9.953252,22.53547,29.93425,29.609503
"018","11am",7.7998795,28.169172,24.99209,26.29369,12.745174
"019","11am",8.6029981,13.454637,25.74,29.25954,22.942832
"020","11am",21.4305935,25.663123,34.9939,12.77296,5.139426
"021","11am",7.2116788,21.004447,26.59243,28.81474,16.37671
"022","11am",2.5430322,7.524384,25.98739,34.0614,29.883799
"023","11am",6.9568171,5.126467,29.43898,28.62685,29.850881
"024","11am",9.8835073,18.576784,45.03014,20.68158,5.827992
"025","11am",5.4291591,2.811523,20.90513,23.90818,46.946008
"026","11am",4.5504423,8.487804,22.00683,26.49449,38.460429
"027","11am",3.5397376,8.083468,18.73882,31.11457,38.523404
"028","11am",0.5268888,3.299387,38.53027,31.83462,25.808838
"029","11am",5.332578,10.717951,28.95718,31.97381,23.018486
"030","11am",3.3891376,8.198039,32.41514,30.00886,25.988822
"031","11am",7.1817812,13.353994,34.93582,26.3211,18.207309
"032","11am",4.8929633,13.603344,28.93965,33.44039,19.123658
"033","11am",6.0344001,8.368655,38.4841,24.66546,22.447391
"034","11am",2.7013521,10.284077,36.95367,24.81563,25.245272
"035","11am",3.2910363,19.5117,27.49754,32.03322,17.666503
"036","11am",3.6489952,16.059305,29.008,27.293,23.990693
"037","11am",2.527106,18.495545,33.85561,27.15851,17.963233
"038","11am",5.4801255,2.286425,28.53088,40.16566,23.53691
"039","11am",6.4352795,7.52154,28.13583,26.92198,30.985369
"040","11am",5.2489251,12.304048,21.385,34.52805,26.533978
"041","11am",4.2134151,11.914045,25.52237,22.10304,36.247128
"042","11am",8.2535601,3.465851,34.95521,36.0875,17.237884
"043","11am",4.6452985,4.032706,29.43817,27.83092,34.052904
"044","11am",3.0864222,5.69395,37.34122,42.59655,11.281852
"045","11am",6.8371851,17.381679,35.39752,28.0777,12.305913
"046","11am",3.9604783,12.910837,37.02043,25.61214,20.496122
"047","11am",2.3814135,11.740027,33.6145,37.98951,14.274549
"048","11am",7.9892723,20.732675,30.14102,28.45526,12.681778
"049","11am",6.5780661,14.542437,29.23895,36.544,13.096544
"050","11am",4.8780421,12.314087,35.85935,30.9898,15.958721
"051","11am",7.5594312,8.953761,35.00657,25.96145,22.518791
"052","11am",5.867882,19.195879,23.85157,31.13548,19.949192
"053","11am",9.0312876,9.008679,29.60563,36.02227,16.332136
"054","11am",5.79861,17.136957,32.21185,32.44,12.412582
"055","11am",5.2883361,14.288744,37.88363,21.14589,21.393397
"056","11am",3.3918003,13.997652,39.15135,31.06549,12.393705
"057","11am",5.5897281,7.062969,25.50871,34.08257,27.756023
"058","11am",6.76479,20.800307,34.53165,23.47482,14.428429
"059","11am",7.7920495,19.036439,34.90104,28.41084,9.859627
"060","11am",5.5553739,10.807851,43.67619,23.41383,16.546754
"061","11am",4.934163,21.904509,29.93676,34.60554,8.619028
"062","11am",5.8713713,14.170783,33.69546,29.18153,17.080854
"063","11am",1.0883278,9.414968,29.45852,35.40958,24.628605
"064","11am",5.7212438,10.393632,31.52871,39.44462,12.911791
"065","11am",3.4185964,16.482107,32.50551,33.22106,14.372732
"066","11am",5.4345324,12.080454,24.73518,41.335,16.414834
"067","11am",5.4833688,24.972855,27.128,33.00957,9.406208
"068","11am",7.5465495,16.382222,32.83217,36.05667,7.182384
"069","11am",4.6665467,23.57163,31.98393,30.97116,8.80673
"070","11am",4.2734647,19.958711,32.22108,33.99552,9.55123
"071","11am",9.3241503,26.024535,35.92741,24.59617,4.127736
"072","11am",7.971463,17.391719,33.24346,25.72913,15.664225
"073","11am",9.168561,14.262167,34.47571,31.26621,10.827359
"074","11am",10.0791825,19.986838,27.87737,24.82447,17.232137
"075","11am",10.4939838,22.874275,30.58542,24.24996,11.796357
"076","11am",9.5972604,17.131708,26.53891,34.09656,12.635564
"077","11am",7.294339,16.321455,34.53337,25.06645,16.78439
"078","11am",4.9116289,5.776576,48.92841,27.66848,12.71491
"079","11am",1.1460465,9.268989,54.88773,21.89521,12.802022
"080","11am",3.3681932,12.353803,41.83462,26.33501,16.108366
"001","12am",2.7095606,7.109175,19.88636,35.38913,34.905773
"002","12am",2.8741451,9.027669,31.56858,34.88505,21.644555
"003","12am",2.8850205,12.283584,30.92489,33.91512,19.991386
"004","12am",12.028272,14.368771,26.1412,28.31255,19.149207
"005","12am",7.4204679,9.568669,21.91403,24.78208,36.314757
"006","12am",6.5649058,10.819537,22.24035,35.43959,24.935622
"007","12am",5.839625,6.769042,29.65192,34.3763,23.363114
"008","12am",6.46662,5.325464,38.04938,35.3291,14.829435
"009","12am",2.0953204,3.79222,31.68379,33.54602,28.882656
"010","12am",3.1615,15.702754,38.84648,22.22589,20.063371
"011","12am",5.3355329,14.270439,37.53635,32.93343,9.924243
"012","12am",7.9483805,13.381688,29.47495,28.55599,20.638994
"013","12am",4.4495297,13.20483,25.36874,34.03785,22.939053
"014","12am",5.9448742,16.244684,32.26225,28.27567,17.272524
"015","12am",4.9468611,8.381272,32.04541,33.87978,20.746679
"016","12am",1.2388617,13.400351,32.68954,33.57381,19.097435
"017","12am",8.3977978,10.95583,25.82163,27.48708,27.337661
