"district","hour","cspmen1","cspmen2","cspmen3","cspmen4","cspmen5"
"001","4am",4.1396676,20.3448,15.07775,28.368145,32.069639
"002","4am",13.5446298,5.954325,11.14279,44.018313,25.339942
"003","4am",5.0305724,12.57221,25.98689,32.288617,24.121714
"004","4am",21.3791687,6.277789,26.43979,31.783836,14.119411
"005","4am",4.2736964,10.976055,19.47653,39.23649,26.037224
"006","4am",6.8555533,9.699148,24.2293,33.801873,25.414122
"007","4am",8.5076062,7.497469,23.85911,37.623289,22.512527
"008","4am",12.4754114,11.294072,35.90271,29.256993,11.070817
"009","4am",3.2293899,18.157272,23.70121,34.598699,20.313428
"010","4am",5.8817742,22.320399,34.92873,24.207778,12.661319
"011","4am",13.2099509,28.985229,31.14052,21.502289,5.162007
"012","4am",11.5076326,19.836019,32.08987,27.948974,8.617505
"013","4am",9.6388048,17.254978,35.03624,28.006188,10.063785
"014","4am",9.1554558,18.931421,40.65192,24.054002,7.207203
"015","4am",10.7056858,8.685097,33.487,30.809704,16.312511
"016","4am",3.0225879,18.108958,30.30938,24.037732,24.521338
"017","4am",13.606569,11.76429,25.52835,30.542905,18.557889
"018","4am",18.7726055,32.575953,24.32255,16.173914,8.154974
"019","4am",26.6359002,32.25031,25.44787,10.791033,4.874891
"020","4am",43.8326951,29.231025,25.49462,1.441661,0
"021","4am",9.136321,18.188563,27.30151,32.041524,13.332083
"022","4am",16.300405,7.733158,36.38956,30.145096,9.431785
"023","4am",9.5465049,12.30642,35.22489,32.814877,10.107306
"024","4am",22.8537174,21.115465,37.50182,11.271259,7.257742
"025","4am",7.7316383,10.993276,30.83215,22.11176,28.331178
"026","4am",2.4516309,10.290105,26.95568,37.879767,22.42282
"027","4am",9.0978393,19.654936,25.35857,30.505667,15.382989
"028","4am",1.2064751,5.657862,45.00507,33.238658,14.891936
"029","4am",7.3710459,21.90328,31.84186,28.379027,10.504784
"030","4am",9.5591478,13.638456,28.40565,29.188629,19.208116
"031","4am",6.3351267,18.876377,38.52008,22.58966,13.678752
"032","4am",11.4350352,15.064616,35.22195,25.982416,12.295979
"033","4am",8.18087,19.596092,33.98227,20.331404,17.909368
"034","4am",9.2884971,14.801064,47.04939,15.384076,13.476977
"035","4am",10.3813784,14.581847,36.10925,19.429065,19.498459
"036","4am",12.5564615,18.911175,35.66176,21.649529,11.221072
"037","4am",3.8280431,21.875658,35.43038,25.397192,13.468726
"038","4am",9.2446173,5.897439,47.3846,27.836684,9.636661
"039","4am",7.4801176,10.480844,36.40448,25.749504,19.885054
"040","4am",11.1509178,15.839072,24.86457,32.303099,15.84234
"041","4am",12.9825884,17.581214,24.96414,25.323345,19.148711
"042","4am",8.613804,10.01882,47.95655,18.095334,15.315489
"043","4am",3.4313334,11.999352,39.75448,33.799278,11.01556
"044","4am",6.2475482,22.240357,33.06187,29.613881,8.836342
"045","4am",7.498161,17.452513,42.99121,24.231964,7.826148
"046","4am",4.765737,17.065339,41.09111,21.815454,15.262364
"047","4am",3.3760518,16.57988,33.69159,37.365579,8.986901
"048","4am",14.5059558,20.933092,32.09501,27.465517,5.00043
"049","4am",6.6353951,11.379462,40.35474,36.055198,5.5752
"050","4am",5.7663652,22.235507,41.1178,23.708441,7.171887
"051","4am",6.7731365,15.057898,34.7871,21.504077,21.877787
"052","4am",7.3545536,11.90447,23.47456,41.744946,15.521471
"053","4am",13.4330761,21.716429,33.01532,23.26248,8.572689
"054","4am",8.5879632,23.886867,36.10539,22.331099,9.08868
"055","4am",5.2982258,13.475125,49.82269,16.366378,15.037586
"056","4am",4.3841395,10.544675,42.16685,32.144952,10.759385
"057","4am",11.1902718,6.751776,29.91747,34.461992,17.678487
"058","4am",15.3004945,26.350123,22.62593,26.992658,8.730792
"059","4am",10.3392947,27.364403,35.94899,20.803934,5.543383
"060","4am",10.9761176,28.284931,38.54801,16.638242,5.552701
"061","4am",5.7384457,23.990173,43.10833,17.610443,9.552607
"062","4am",7.2056706,12.540919,30.26666,36.771144,13.21561
"063","4am",2.2594095,24.598641,35.15338,25.072652,12.915917
"064","4am",7.9834023,18.85876,35.51726,33.272339,4.368234
"065","4am",5.3811626,30.08249,31.57209,29.270705,3.693552
"066","4am",8.7259812,21.827394,31.75206,29.339936,8.354629
"067","4am",4.5730228,37.879866,20.10732,32.608607,4.831188
"068","4am",13.7298363,18.500052,43.15883,23.538415,1.072863
"069","4am",6.197272,22.334915,30.58942,33.355134,7.52326
"070","4am",6.4280656,25.459937,31.00711,31.053254,6.051636
"071","4am",18.9737607,30.893185,35.80316,11.057776,3.272114
"072","4am",16.3555451,18.782131,41.92033,16.476249,6.465747
"073","4am",19.0594144,20.502913,29.25313,23.026604,8.157936
"074","4am",16.8653867,27.070457,29.87553,15.877288,10.311335
"075","4am",19.1917059,30.97776,26.76438,14.709276,8.356881
"076","4am",22.0123415,26.405785,25.70105,22.236581,3.644242
"077","4am",5.1081353,13.162895,35.35055,28.265697,18.112723
"078","4am",7.3699762,6.760589,53.67886,20.526063,11.664512
"079","4am",0.9896658,12.947351,53.8076,20.213099,12.042287
"080","4am",1.2421761,14.143284,48.35115,17.697771,18.565615
"001","5am",4.0346116,19.828492,15.76476,29.116358,31.25578
"002","5am",14.712793,5.873871,10.99223,43.423548,24.997555
"003","5am",4.9437276,12.355171,27.26461,31.731206,23.70529
"004","5am",21.5067882,6.315264,26.59762,31.376631,14.203695
"005","5am",4.2736964,10.976055,19.47653,39.23649,26.037224
"006","5am",6.8555533,9.699148,24.2293,33.801873,25.414122
"007","5am",8.475428,7.469111,24.1471,37.480987,22.427378
"008","5am",12.5345122,11.347577,35.59905,29.395595,11.123264
"009","5am",3.0827969,17.641396,25.23943,35.501489,18.534889
"010","5am",6.0174136,22.835129,33.42812,24.766032,12.953301
"011","5am",13.0718092,29.193067,30.81487,21.812223,5.108026
"012","5am",11.6867046,18.588575,32.58922,28.383892,8.751603
"013","5am",9.3481353,19.454904,34.27503,27.161629,9.7603
"014","5am",9.27983,18.679168,40.86455,23.871338,7.305111
"015","5am",10.8050286,8.76569,32.8698,31.095601,16.463882
"016","5am",3.0834678,16.459539,30.91986,24.521891,25.015238
"017","5am",13.4920179,12.499059,26.26185,29.345416,18.401654
"018","5am",18.0766067,33.103694,24.09668,16.435936,8.287088
"019","5am",26.6359002,32.25031,25.44787,10.791033,4.874891
"020","5am",44.8988124,29.178469,24.44599,1.476726,0
"021","5am",9.201199,17.607611,27.49538,32.269054,13.426755
"022","5am",15.8241397,7.507211,37.34046,30.171979,9.156207
"023","5am",9.1459652,11.790084,37.94264,31.438074,9.683237
"024","5am",22.9456885,22.218391,36.23235,11.316618,7.28695
"025","5am",7.634725,10.855479,31.69914,21.834598,27.976057
"026","5am",2.4516309,10.290105,26.95568,37.879767,22.42282
"027","5am",9.258335,20.796915,24.15009,30.140297,15.654362
"028","5am",1.2109567,6.405964,44.67763,32.758192,14.947254
"029","5am",7.1829056,22.397217,30.80863,28.416874,11.194372
"030","5am",9.5591478,13.638456,28.40565,29.188629,19.208116
"031","5am",6.4218308,18.691443,39.04728,21.973485,13.865963
"032","5am",11.3637123,14.050649,35.00227,27.865832,11.71754
"033","5am",8.1514219,19.525554,34.21991,20.258219,17.844901
"034","5am",9.1735791,14.617944,48.48938,14.408853,13.310239
"035","5am",10.0901226,14.932399,36.64127,19.384791,18.951417
"036","5am",12.4396838,18.735297,36.26012,21.448184,11.116714
"037","5am",4.9500989,22.41015,34.43677,25.551224,12.651753
"038","5am",9.2918514,5.927572,47.11577,27.978912,9.685898
"039","5am",6.7630931,9.783819,37.51438,25.921122,20.017586
"040","5am",11.0860546,15.051595,25.23961,32.115196,16.507542
"041","5am",12.9825884,17.581214,24.96414,25.323345,19.148711
"042","5am",8.2103277,9.471551,48.51691,18.306771,15.494444
"043","5am",3.4165109,11.947517,39.58275,34.085249,10.967976
"044","5am",6.2768634,21.875488,33.21701,29.752837,8.877805
"045","5am",7.5991566,17.687588,42.22334,24.558353,7.931562
"046","5am",4.6983284,16.82396,40.5099,22.921329,15.046487
"047","5am",3.5253633,14.73235,34.14337,38.214558,9.384362
"048","5am",14.5059558,20.933092,32.09501,27.465517,5.00043
"049","5am",5.8414808,11.87144,40.24512,36.573863,5.468095
"050","5am",5.7994467,21.789374,41.35369,23.844456,7.213032
"051","5am",6.9470945,14.463433,34.95568,21.194106,22.439685
"052","5am",7.4026875,12.503138,23.62819,40.842924,15.623056
"053","5am",13.4330761,21.716429,33.01532,23.26248,8.572689
"054","5am",8.6845906,23.893262,35.64885,22.582358,9.190941
"055","5am",5.4014825,13.737741,49.55218,15.977945,15.330653
"056","5am",4.4509806,10.70544,42.06465,31.85551,10.923423
"057","5am",11.0514658,6.668026,28.32498,36.496333,17.4592
"058","5am",15.6693535,26.985362,22.42643,25.977585,8.941271
"059","5am",10.3409215,27.368709,35.46458,21.281538,5.544255
"060","5am",10.7501473,27.702617,39.81315,16.295703,5.438385
"061","5am",5.8231822,23.813523,43.74489,16.92474,9.693665
"062","5am",7.2246185,12.573896,30.08329,36.867836,13.250362
"063","5am",2.3205132,23.39143,35.27212,25.750719,13.265216
"064","5am",7.9834023,18.85876,35.51726,33.272339,4.368234
"065","5am",5.4179296,29.604776,31.78781,29.470699,3.718789
"066","5am",8.7259812,21.827394,31.75206,29.339936,8.354629
"067","5am",4.7099422,37.58652,19.14277,33.58493,4.975837
"068","5am",13.3329868,18.987121,42.42065,24.158135,1.101109
"069","5am",6.4016898,23.071634,31.59841,31.650012,7.27825
"070","5am",7.5297507,25.922094,30.06941,30.578971,5.899777
"071","5am",19.3126812,30.211136,35.89032,11.255297,3.330563
"072","5am",16.0851377,19.166704,41.81183,16.338193,6.598137
"073","5am",19.2525407,22.298404,28.17362,22.034839,8.240599
"074","5am",16.2973811,26.450868,31.26431,15.403076,10.584362
"075","5am",19.0928379,31.333335,26.6265,14.633499,8.313829
"076","5am",22.1307795,26.00981,25.83934,22.356226,3.66385
"077","5am",5.136428,13.235801,35.54635,27.868379,18.213045
"078","5am",7.431057,6.816619,53.29496,20.696178,11.761185
"079","5am",0.9896658,12.947351,53.8076,20.213099,12.042287
"080","5am",1.2610414,14.358083,47.56675,17.966553,18.847577
"001","6am",3.9411613,20.902821,15.39961,29.224577,30.531829
"002","6am",14.9173003,5.955518,10.45003,43.332136,25.34502
"003","6am",4.808279,13.241933,27.85244,31.041537,23.055812
"004","6am",21.8309537,6.410452,26.09718,31.24363,14.417783
"005","6am",4.3214123,10.349667,19.10752,39.893469,26.32793
"006","6am",7.5596351,10.007407,22.53079,34.062847,25.839323
"007","6am",8.5062996,7.496317,24.65598,37.617511,21.723896
"008","6am",12.682384,10.794111,35.52664,29.74238,11.254487
"009","6am",3.4154392,15.523353,26.75495,36.468455,17.837804
"010","6am",4.6393834,23.27087,34.2341,24.655171,13.200477
"011","6am",13.9694004,29.258288,30.99587,20.730818,5.045625
"012","6am",11.8357065,18.104993,32.45034,28.745778,8.863184
"013","6am",10.6680613,20.863221,33.47405,26.807564,8.187103
"014","6am",9.582003,18.177576,40.55336,24.286092,7.400973
"015","6am",11.1369274,8.698037,31.86413,31.331298,16.969604
"016","6am",5.3297571,15.881548,30.9911,23.660784,24.136807
"017","6am",13.2512221,12.8323,26.25228,28.771934,18.892267
"018","6am",18.1071486,33.159625,24.50478,15.927354,8.301089
"019","6am",26.6839914,30.143738,25.90199,12.353943,4.916339
"020","6am",44.7892691,28.15079,25.51843,1.541509,0
"021","6am",9.5238732,18.162939,27.49676,32.618336,12.198088
"022","6am",14.3448206,10.146978,36.64358,30.758641,8.105979
"023","6am",9.2023311,11.610785,38.40872,31.608319,9.169844
"024","6am",22.7585983,20.355092,37.40866,11.848327,7.629326
"025","6am",7.3571942,10.713483,31.36509,21.040886,29.523342
"026","6am",2.5067542,9.285666,28.13608,37.937994,22.133507
"027","6am",9.1185902,24.035982,23.79409,27.168099,15.883244
"028","6am",1.6769516,7.219237,44.40838,32.980244,13.715182
"029","6am",6.0156281,23.611358,31.04623,29.146884,10.179903
"030","6am",9.3604351,12.78036,29.32648,29.723903,18.808824
"031","6am",6.8322775,18.585792,38.49691,21.408507,14.676514
"032","6am",10.7563814,17.128575,36.14595,24.877796,11.091299
"033","6am",8.3481883,19.339517,35.56082,20.130373,16.6211
"034","6am",9.2369241,15.363211,48.82421,13.173506,13.402148
"035","6am",9.9083883,18.055848,35.05951,19.044103,17.932153
"036","6am",11.1503566,20.901672,35.40227,21.476122,11.069578
"037","6am",5.9575394,22.898848,33.35202,24.637735,13.153856
"038","6am",8.3347038,6.526289,46.63671,28.421941,10.080353
"039","6am",7.782036,10.080965,37.38997,23.999804,20.747222
"040","6am",11.0974196,15.308005,25.62071,31.449404,16.524465
"041","6am",13.2336207,18.019489,25.26413,24.746295,18.736463
"042","6am",7.7341833,10.100074,48.30856,17.976318,15.880864
"043","6am",3.4105692,11.073386,40.68544,33.445667,11.384935
"044","6am",6.5922222,16.479611,34.27962,33.324708,9.323839
"045","6am",7.8335252,15.996788,42.67774,25.315767,8.176182
"046","6am",4.9269237,15.708498,39.98496,23.601052,15.778567
"047","6am",3.572216,15.968556,34.59714,37.061886,8.800203
"048","6am",14.6069523,20.466029,33.43739,26.668342,4.821283
"049","6am",6.0946032,11.651488,38.35892,37.495473,6.399511
"050","6am",5.8612954,20.227341,41.79471,24.826697,7.289956
"051","6am",7.2547435,13.056758,35.92011,21.549112,22.219275
"052","6am",8.0024765,12.531828,23.60252,41.359934,14.503239
"053","6am",13.9736099,18.53431,34.39116,23.856661,9.244257
"054","6am",8.7981645,24.208825,35.91599,23.070941,8.006082
"055","6am",5.6624149,13.750642,49.11965,15.396059,16.071239
"056","6am",4.4509806,10.70544,42.06465,31.85551,10.923423
"057","6am",10.2867699,7.523616,28.86799,35.527723,17.793906
"058","6am",15.0114422,27.683734,22.21763,26.229165,8.858026
"059","6am",11.8027319,22.067322,38.11919,21.862967,6.147785
"060","6am",11.0572467,24.792113,41.14332,17.413578,5.593744
"061","6am",6.2150355,23.743825,43.08873,16.606438,10.345971
"062","6am",7.6648467,12.388803,29.77184,36.116749,14.057766
"063","6am",2.4184311,23.807556,33.98003,25.969016,13.824964
"064","6am",7.528883,17.295802,36.88554,34.393863,3.895915
"065","6am",3.9111681,28.161038,31.70815,30.08166,6.137987
"066","6am",9.3125345,20.62166,32.12349,29.026093,8.91622
"067","6am",4.6741256,37.658869,18.9972,33.731808,4.937998
"068","6am",13.0291254,18.530856,42.6305,24.684427,1.125097
"069","6am",6.6519926,23.973724,31.27386,30.537597,7.562826
"070","6am",7.3101741,26.974241,29.33996,30.457096,5.918531
"071","6am",19.9175897,29.356345,35.68335,11.607833,3.434882
"072","6am",16.1597474,19.834819,39.84602,17.530673,6.628742
"073","6am",18.8578936,21.032866,30.14328,23.57533,6.39063
"074","6am",17.7591811,25.836594,31.0203,15.045367,10.338559
"075","6am",18.7598838,32.614918,26.78473,13.477231,8.363236
"076","6am",18.7460851,26.459905,26.27305,24.504968,4.015996
"077","6am",5.3178771,14.011445,34.79535,28.852856,17.022476
"078","6am",7.6835052,7.457479,53.17675,19.521533,12.160736
"079","6am",0.9936021,12.998849,54.68334,19.835658,11.488553
"080","6am",1.3395279,10.748523,48.69795,19.193362,20.020639
"001","7am",5.2351048,22.134677,14.90533,30.174391,27.550493
"002","7am",14.9702381,8.782802,15.49101,38.111006,22.644947
"003","7am",5.2696595,11.681801,30.37491,31.703775,20.969856
"004","7am",20.1380659,7.91975,25.84583,32.275609,13.820749
"005","7am",4.0953142,6.569449,18.10708,40.16868,31.059475
"006","7am",7.526262,12.595916,25.76185,32.337097,21.778872
"007","7am",9.3704987,6.446758,25.44146,36.944218,21.797065
"008","7am",13.8794788,8.699653,37.16503,33.285621,6.970215
"009","7am",4.3156059,12.457669,29.14725,33.819748,20.25973
"010","7am",4.9480918,23.358781,33.60434,25.000181,13.088607
"011","7am",12.6833911,27.824677,33.04805,22.968659,3.475225
"012","7am",10.9829626,17.180519,33.92702,28.048143,9.861351
"013","7am",9.9934629,16.769001,39.50319,26.145372,7.588974
"014","7am",12.5827395,19.292251,37.60413,23.204713,7.316165
"015","7am",11.112848,6.018813,35.53578,31.110296,16.222267
"016","7am",5.0357064,17.470304,32.16005,21.306174,24.027768
"017","7am",11.5905466,10.281618,22.91511,38.157046,17.055676
"018","7am",17.9940045,33.711875,23.72822,16.502303,8.063593
"019","7am",20.4052543,24.418452,28.99967,20.962479,5.214147
"020","7am",38.3052598,27.555115,25.43421,5.552084,3.153326
"021","7am",8.9788077,20.089348,29.4754,29.18698,12.269463
"022","7am",11.7258685,11.380666,34.21618,27.78637,14.890911
"023","7am",6.5710873,13.105135,37.96789,32.117768,10.238122
"024","7am",20.0157511,23.560698,37.03623,14.104141,5.283176
"025","7am",12.3083125,10.869067,32.20312,24.74804,19.871462
"026","7am",4.1382885,12.870379,26.50361,35.135114,21.352607
"027","7am",12.346227,22.801853,25.1263,25.775695,13.94992
"028","7am",1.5550147,6.625971,47.15695,28.854247,15.807814
"029","7am",5.9522841,24.523379,31.76953,27.480068,10.274742
"030","7am",9.1229712,13.773138,33.22985,27.755077,16.11896
"031","7am",8.4168933,14.818234,37.51986,25.946454,13.298555
"032","7am",9.5538984,16.428138,36.73943,25.392614,11.885918
"033","7am",10.4626485,19.949914,36.03989,19.981754,13.565798
"034","7am",8.5654659,19.877543,49.73103,8.351649,13.474312
"035","7am",10.7428169,21.235433,34.5821,18.688289,14.751359
"036","7am",12.1983542,18.864859,36.11093,20.715874,12.109983
"037","7am",6.0682843,23.573696,34.29167,21.415364,14.650986
"038","7am",11.6374703,7.435719,42.75533,30.948324,7.223162
"039","7am",8.0992919,9.892288,39.70499,22.849793,19.453637
"040","7am",11.5877345,16.823428,28.49742,29.957347,13.134067
"041","7am",14.7106084,19.320069,25.04616,22.284361,18.638805
"042","7am",7.7316341,8.307226,47.00755,19.597,17.35659
"043","7am",5.1891686,8.330675,40.01727,34.034279,12.428608
"044","7am",6.9565985,15.2843,33.81803,35.275432,8.665636
"045","7am",8.0162634,19.44004,42.45458,22.483256,7.605866
"046","7am",5.1648665,13.386052,40.65471,26.47342,14.320954
"047","7am",4.3980769,15.33872,33.43985,40.214778,6.608578
"048","7am",15.7130675,21.061688,32.37526,23.287112,7.562875
"049","7am",7.1889846,14.970983,36.9747,34.952283,5.913047
"050","7am",6.8626063,23.181222,35.25268,26.168162,8.535331
"051","7am",8.6157321,14.465834,37.09407,19.554828,20.269537
"052","7am",8.6819947,14.48351,25.31811,37.538376,13.978008
"053","7am",16.1587198,15.366444,38.8332,21.816378,7.825257
"054","7am",8.9432493,28.909497,36.68434,19.336094,6.126818
"055","7am",6.2967615,14.567457,50.63128,14.213789,14.290713
"056","7am",4.8079324,13.511597,42.16724,28.928258,10.584976
"057","7am",12.897152,6.116297,28.49019,37.376034,15.120324
"058","7am",14.8733598,27.220626,25.87005,22.988062,9.047898
"059","7am",11.8887042,24.581002,38.58649,19.684611,5.259188
"060","7am",11.358129,21.464492,42.97142,15.10917,9.096794
"061","7am",7.4272621,28.214883,40.19689,16.12771,8.033259
"062","7am",8.3558529,10.778851,33.87937,31.373929,15.612
"063","7am",2.0378426,17.159041,40.76606,24.414286,15.622773
"064","7am",9.0002808,17.454651,34.72856,34.159195,4.657308
"065","7am",4.1807109,28.276021,31.50656,29.475714,6.560994
"066","7am",9.7376234,22.102794,30.51886,26.742388,10.898337
"067","7am",4.948271,41.172533,21.01199,27.062426,5.804778
"068","7am",12.6354884,21.692037,41.48033,23.007466,1.184678
"069","7am",8.7347933,21.528119,34.113,27.320343,8.303741
"070","7am",8.667727,28.093911,29.12912,28.777245,5.331998
"071","7am",18.7311241,29.556129,37.23062,11.683738,2.798389
"072","7am",16.7891084,20.84551,34.78794,17.823233,9.75421
"073","7am",19.0939256,18.607211,32.68878,24.100255,5.50983
"074","7am",19.410991,22.181112,28.34272,18.608864,11.456318
"075","7am",18.9799659,33.241169,26.84833,14.100949,6.829589
"076","7am",18.5723883,25.439531,28.57046,23.438836,3.978785
"077","7am",6.2003036,16.975661,33.77202,25.899217,17.152799
"078","7am",7.6907787,6.791715,54.44612,18.964233,12.107151
"079","7am",0.9949431,15.625664,53.32353,19.904806,10.151053
"080","7am",1.4891524,12.086153,46.16576,21.337249,18.921684
"001","8am",9.052854,14.982402,18.95555,28.04933,28.959863
"002","8am",11.202327,12.281673,25.4657,33.02572,18.024583
"003","8am",7.282526,15.109387,32.12623,28.89513,16.586725
"004","8am",20.832145,10.916623,26.89587,28.08853,13.266835
"005","8am",4.579592,8.608307,22.98217,34.33481,29.495123
"006","8am",8.250783,13.088227,26.74463,37.50512,14.411241
"007","8am",12.594151,8.217442,29.45707,30.73097,19.000368
"008","8am",15.168539,9.507636,37.13572,32.32625,5.861855
"009","8am",4.156753,12.726843,31.22033,33.27722,18.618856
"010","8am",5.631073,28.702539,31.18625,17.46154,17.018599
"011","8am",11.211872,23.860369,31.77055,25.31314,7.844077
"012","8am",12.743955,16.448482,32.94487,28.45225,9.41044
"013","8am",8.505182,18.462016,40.03898,25.8904,7.103424
"014","8am",9.819171,22.036242,37.35818,25.69514,5.091262
"015","8am",12.820103,8.904818,37.2354,28.25871,12.780962
"016","8am",5.937191,17.41267,38.24866,21.20831,17.19317
"017","8am",9.538901,13.873919,23.69042,35.14516,17.751595
"018","8am",17.988447,30.606845,24.44551,18.6265,8.332695
"019","8am",14.104635,18.447223,27.92145,28.74215,10.784539
"020","8am",39.551317,23.674505,24.22023,9.48094,3.073005
"021","8am",9.42975,22.935824,29.18556,27.28582,11.163045
"022","8am",9.878653,11.741852,27.26287,29.53922,21.577407
"023","8am",7.961148,13.628684,34.28852,32.77317,11.348472
"024","8am",17.504006,26.20765,33.30941,20.92106,2.057868
"025","8am",10.843939,7.985924,31.54084,29.61551,20.013786
"026","8am",3.560457,15.345138,27.37999,31.08323,22.63119
"027","8am",9.20487,14.680847,29.50519,27.87005,18.739044
"028","8am",4.242065,8.543588,51.64092,22.4959,13.077518
"029","8am",6.042106,22.625799,29.82961,31.37376,10.128729
"030","8am",7.096112,12.007494,38.47301,27.98023,14.443156
"031","8am",8.818934,18.799974,35.34402,22.80551,14.231564
"032","8am",8.527563,17.838827,33.1785,26.69237,13.762739
"033","8am",8.90491,21.444572,42.33836,17.8435,9.468654
"034","8am",5.649326,14.455778,45.30914,20.47444,14.111315
"035","8am",10.766752,16.925531,35.11826,27.15687,10.032588
"036","8am",14.547836,19.248948,31.0803,23.1621,11.960817
"037","8am",5.43478,25.941221,30.77889,22.09542,15.749686
"038","8am",12.745551,7.679555,34.18382,33.42645,11.964631
"039","8am",9.702302,9.587048,40.74534,22.6619,17.303411
"040","8am",10.514575,18.231553,26.34218,30.77656,14.135131
"041","8am",13.448633,16.764331,26.88367,28.00604,14.897323
"042","8am",7.063805,11.843696,50.42197,20.47516,10.195375
"043","8am",3.961548,7.157666,37.58215,35.56661,15.732029
"044","8am",5.809415,14.328549,34.77068,30.10747,14.983883
"045","8am",7.92207,22.269932,44.19861,17.16,8.449384
"046","8am",6.086745,18.547464,38.00199,21.60215,15.761649
"047","8am",4.476913,15.741233,37.80687,34.81035,7.164629
"048","8am",15.703313,23.557405,32.10464,22.42429,6.210357
"049","8am",8.511973,19.529039,39.25845,26.50253,6.198006
"050","8am",5.814135,24.015866,36.35249,27.10488,6.712635
"051","8am",8.670101,15.594174,38.68969,19.0441,18.001926
"052","8am",9.756535,16.666811,32.67717,29.53699,11.362492
"053","8am",18.174416,18.743357,39.39395,16.39559,7.292691
"054","8am",10.856427,25.731242,39.09427,19.51992,4.798139
"055","8am",7.062715,14.259716,53.41863,11.4756,13.783342
"056","8am",4.849916,15.345321,39.36432,30.44348,9.996963
"057","8am",12.886927,8.090126,29.35031,33.59983,16.072805
"058","8am",14.674801,30.172594,27.79114,17.52986,9.831598
"059","8am",12.987117,26.178066,38.03371,19.32056,3.480547
"060","8am",11.054632,20.414318,41.89965,16.22937,10.402028
"061","8am",8.698652,27.653749,40.91422,18.58442,4.148967
"062","8am",9.653002,16.871314,34.50602,28.17077,10.798898
"063","8am",2.599261,16.375596,43.31161,28.08336,9.630167
"064","8am",11.242662,14.927996,33.02975,36.06249,4.737097
"065","8am",5.860673,28.495833,32.79075,26.05328,6.799468
"066","8am",9.390405,23.016819,29.73366,28.21896,9.640162
"067","8am",6.073729,41.085641,22.57418,26.12883,4.137623
"068","8am",12.884008,24.848731,40.43308,20.56326,1.270924
"069","8am",8.934502,23.751856,37.36087,23.31011,6.642664
"070","8am",9.340767,29.759087,29.56928,25.53349,5.797369
"071","8am",16.91111,27.404827,36.55029,17.34323,1.790539
"072","8am",17.386239,23.465829,31.63302,18.31498,9.199924
"073","8am",16.162274,21.071338,31.75204,24.44558,6.568768
"074","8am",19.951987,18.904699,30.32802,18.5601,12.255194
"075","8am",20.555898,33.476723,25.14034,15.25077,5.576269
"076","8am",19.964273,25.586472,27.1763,22.99598,4.27697
"077","8am",7.26412,17.54213,33.04296,27.22345,14.927348
"078","8am",5.935084,8.865671,54.15037,19.66336,11.385506
"079","8am",1.006609,15.687421,53.36753,19.21626,10.722174
"080","8am",1.72811,11.543079,48.06098,20.93419,17.733639
"001","9am",11.44722,11.081526,22.01076,28.42538,27.0351147
"002","9am",8.354502,15.387106,25.23971,32.45659,18.5620903
"003","9am",8.249778,14.206833,36.41782,26.77527,14.3502965
"004","9am",20.258007,11.249717,29.29977,28.90548,10.2870241
"005","9am",4.712331,12.538436,20.49464,35.20143,27.053171
"006","9am",9.833013,14.131816,23.59865,34.27138,18.1651328
"007","9am",10.590678,8.917305,32.07567,30.2991,18.1172499
"008","9am",15.717537,9.556006,34.07057,34.44827,6.2076195
"009","9am",3.352105,12.262135,33.86537,32.64656,17.8738337
"010","9am",5.453457,31.439808,33.32546,13.52402,16.2572506
"011","9am",10.17522,20.178759,36.40007,24.27342,8.9725347
"012","9am",14.443974,16.606494,31.58601,28.34644,9.0170898
"013","9am",7.033199,21.875779,40.79069,23.0993,7.2010256
"014","9am",8.07906,24.428427,39.32668,22.54849,5.6173365
"015","9am",12.56955,13.088104,39.6673,22.31477,12.3602833
"016","9am",6.407599,21.623965,31.94687,25.69792,14.3236518
"017","9am",13.454758,14.641745,22.68417,32.6685,16.5508236
"018","9am",18.372042,33.490165,22.08222,18.02584,8.0297359
"019","9am",16.200707,18.269891,26.04006,28.84772,10.6416258
"020","9am",31.702373,26.041718,27.47111,10.9961,3.7886954
"021","9am",9.983881,16.228704,41.5762,21.20931,11.0019041
"022","9am",8.209211,11.229081,28.96636,29.88762,21.7077237
"023","9am",9.568311,15.626989,30.9346,30.43506,13.4350416
"024","9am",20.350164,28.458635,30.32143,20.21171,0.6580575
"025","9am",12.822148,8.768862,27.94093,31.56298,18.9050797
"026","9am",3.427346,15.680702,25.08582,30.27616,25.5299805
"027","9am",8.111102,10.738281,28.78667,31.04868,21.3152711
"028","9am",5.709988,9.634468,47.40452,25.37603,11.8749853
"029","9am",5.692465,20.636424,30.46371,33.03598,10.1714161
"030","9am",7.627061,10.917182,40.15657,30.19177,11.1074088
"031","9am",10.391202,19.291346,36.47545,20.81376,13.0282472
"032","9am",5.419991,20.523911,35.16996,26.41499,12.471149
"033","9am",8.501322,15.821678,42.24223,21.93474,11.5000307
"034","9am",6.412619,14.696558,47.69628,19.06085,12.1336916
"035","9am",14.055122,16.171368,33.83502,26.08088,9.8576178
"036","9am",12.65853,20.437121,28.46176,23.21177,15.2308219
"037","9am",5.20716,27.99176,30.38911,19.60906,16.8029081
"038","9am",9.48924,10.925574,38.84494,29.5028,11.2374397
"039","9am",8.17649,8.504188,39.91777,24.94191,18.4596472
"040","9am",10.212671,17.820312,29.00262,29.28678,13.6776244
"041","9am",12.547865,17.83695,24.52414,26.31618,18.7748724
"042","9am",11.422023,10.473557,46.99361,20.65199,10.4588215
"043","9am",3.415744,7.360399,40.47397,32.59125,16.1586347
"044","9am",6.555478,14.36175,32.74697,33.25567,13.0801319
"045","9am",8.319056,20.010099,51.19713,16.2335,4.2402144
"046","9am",5.926796,18.431587,40.56226,21.07363,14.0057217
"047","9am",4.985983,14.431516,38.67715,35.20062,6.7047249
"048","9am",14.261162,26.409905,28.31787,27.09621,3.9148489
"049","9am",9.299551,21.721451,34.64565,28.4851,5.8482536
"050","9am",7.24754,24.360478,35.9105,26.13453,6.3469523
"051","9am",9.330113,14.494813,38.86136,18.6264,18.6873221
"052","9am",9.731966,18.641637,33.08919,26.42152,12.1156904
"053","9am",20.976923,15.646953,41.29013,16.78712,5.2988702
"054","9am",10.630543,24.403929,42.10601,18.16121,4.6983064
"055","9am",8.174974,16.702227,51.04044,11.06399,13.0183726
"056","9am",8.105956,15.330016,35.96989,30.72469,9.8694467
"057","9am",10.187194,10.762167,30.71584,34.50816,13.8266408
"058","9am",13.69478,34.786679,25.03358,19.19228,7.2926858
"059","9am",12.909403,26.692618,35.90386,19.82062,4.6735022
"060","9am",9.532833,20.133684,43.6643,17.44467,9.2245166
"061","9am",8.747992,28.942292,38.30171,20.60675,3.4012494
"062","9am",8.110591,17.126893,36.2115,28.798,9.7530166
"063","9am",3.070235,18.339735,49.344,18.9204,10.3256291
"064","9am",12.681153,18.87548,32.14825,31.19538,5.0997326
"065","9am",5.865167,26.713048,34.29766,26.31944,6.8046818
"066","9am",8.196752,23.535769,30.16405,28.87622,9.227204
"067","9am",6.32256,41.870688,23.67085,23.81836,4.3175419
"068","9am",13.80251,22.843434,39.90271,22.15725,1.2940958
"069","9am",10.77301,23.691197,36.57851,20.83308,8.1242018
"070","9am",10.243657,28.832009,31.29548,25.05855,4.5703015
"071","9am",14.996149,29.581199,38.42409,15.10324,1.8953142
"072","9am",22.442014,19.89948,29.27477,18.74768,9.6360549
"073","9am",16.775611,21.856096,28.76705,24.87517,7.7260682
"074","9am",20.94187,16.462407,30.33085,20.92822,11.3366565
"075","9am",15.648723,33.802757,27.15616,17.76464,5.6277174
"076","9am",19.522296,26.398755,26.54573,23.12047,4.4127492
"077","9am",8.384865,17.645741,34.21308,24.89101,14.8652961
"078","9am",5.628425,8.147265,52.86538,23.01191,10.3470212
"079","9am",1.758974,16.263754,55.50652,16.7291,9.7416529
"080","9am",1.651092,11.494941,43.24124,26.03894,17.5737902
"001","10am",11.623212,12.365364,20.2424,28.80953,26.959495
"002","10am",7.9751393,10.660183,24.09691,39.61111,17.656658
"003","10am",8.2374471,15.519804,34.21134,27.65787,14.37354
"004","10am",18.472956,13.264296,21.51771,34.16553,12.579507
"005","10am",6.3843262,7.857342,21.87065,32.48306,31.404628
"006","10am",9.1397987,13.160055,24.24187,36.84985,16.608423
"007","10am",13.5369478,10.71228,35.43244,24.45412,15.864214
"008","10am",18.342336,9.637466,31.94316,34.17397,5.903069
"009","10am",4.4709388,11.111812,35.48854,32.50523,16.423481
"010","10am",6.0681653,30.943417,32.14509,12.19515,18.648182
"011","10am",10.2281286,21.71584,40.51446,20.87771,6.663864
"012","10am",15.1589569,14.364789,34.65769,26.55319,9.265376
"013","10am",6.4837712,21.450449,40.04344,23.97794,8.044395
"014","10am",9.1056974,24.004283,33.52257,27.15589,6.211557
"015","10am",13.2805516,12.431619,40.29521,20.34919,13.64343
"016","10am",6.1992162,22.330184,33.31957,23.52725,14.623779
"017","10am",13.1860967,15.723782,23.58947,31.76715,15.7335
"018","10am",19.8166908,31.329384,23.77216,17.66432,7.417444
"019","10am",15.2262136,18.831467,27.1056,28.88716,9.949564
"020","10am",33.9142503,28.735266,19.72421,12.5612,5.065072
"021","10am",9.6643538,19.48333,33.06479,26.62169,11.165832
"022","10am",7.5332922,11.812171,29.44934,28.48218,22.723025
"023","10am",8.8659276,14.083429,30.55664,33.30311,13.190891
"024","10am",19.3084259,27.253988,35.23199,16.73907,1.466527
"025","10am",12.1515698,7.274825,31.5993,29.99665,18.977651
"026","10am",5.5901086,13.087926,24.86883,29.24655,27.20659
"027","10am",7.6067429,12.582141,29.00881,29.57952,21.22279
"028","10am",5.6521159,9.840988,46.36654,25.06873,13.071621
"029","10am",7.1619125,21.782247,27.37559,34.22606,9.454188
"030","10am",4.9467376,12.964342,39.51335,31.33368,11.241892
"031","10am",8.624089,19.374971,40.32137,19.57601,12.10356
"032","10am",8.7367116,21.074068,31.5891,26.24811,12.352012
"033","10am",10.0260972,15.655011,41.48052,21.67811,11.160263
"034","10am",4.4665541,13.781604,48.94145,20.8313,11.979101
"035","10am",12.7256953,16.201774,36.04236,25.74694,9.283226
"036","10am",11.7740324,19.968239,32.70432,23.42227,12.131138
"037","10am",6.8118096,26.307342,32.96211,21.52293,12.395816
"038","10am",10.9472901,7.941054,42.28354,27.78776,11.040359
"039","10am",9.5461292,10.928212,38.57673,21.11192,19.837015
"040","10am",9.8610226,16.857486,29.8266,31.05803,12.396863
"041","10am",12.7747842,18.97707,23.83981,26.38661,18.021733
"042","10am",13.1311929,14.339706,41.97405,19.32704,11.22801
"043","10am",3.9707338,8.080973,39.43717,32.98627,15.524847
"044","10am",6.1220917,15.125455,31.58572,34.06441,13.102322
"045","10am",8.9414634,19.047046,50.8409,15.27496,5.895624
"046","10am",5.7921826,22.328964,38.77816,20.85469,12.246009
"047","10am",4.9816585,14.960205,37.9696,36.1823,5.906237
"048","10am",13.540651,27.297056,30.61699,24.32784,4.217458
"049","10am",8.4786968,22.351011,35.87722,28.3607,4.932368
"050","10am",7.394059,24.347549,38.44823,23.3349,6.475265
"051","10am",7.587559,17.433653,44.19548,19.31976,11.463545
"052","10am",9.5114768,18.477562,32.72496,27.03357,12.252423
"053","10am",21.341995,20.151708,36.87128,14.19422,7.440791
"054","10am",10.7534986,26.771314,37.09424,20.09769,5.283257
"055","10am",5.6052248,15.225502,57.8804,10.38367,10.905201
"056","10am",5.0685735,17.117092,37.12556,29.26444,11.424328
"057","10am",9.743118,12.671148,34.90541,32.38909,10.291225
"058","10am",14.2327297,32.39761,23.8195,22.18319,7.366969
"059","10am",12.9338984,24.294562,35.96036,20.74174,6.069439
"060","10am",11.0926128,17.726112,43.40739,19.2155,8.558393
"061","10am",8.4651153,32.587576,39.51728,16.58608,2.843945
"062","10am",9.0330596,18.712231,35.67518,27.79477,8.784758
"063","10am",1.196666,20.141625,47.58949,19.52381,11.548413
"064","10am",13.1726374,18.728707,32.69489,30.10638,5.297383
"065","10am",6.185469,26.995236,31.90185,25.90811,9.009331
"066","10am",7.6277727,23.381435,30.51221,29.02078,9.457795
"067","10am",6.5600745,42.456103,25.64785,21.89173,3.44424
"068","10am",12.6290865,23.797237,40.62493,21.66945,1.279292
"069","10am",10.1425796,25.976153,34.31381,21.21957,8.347889
"070","10am",9.9435162,30.344646,28.70039,26.8334,4.178043
"071","10am",19.8897834,29.72436,36.31521,11.95114,2.119506
"072","10am",13.6826934,20.688537,31.04139,24.56924,10.018145
"073","10am",17.9335192,19.1084,30.17644,25.31639,7.465247
"074","10am",18.556643,21.491652,27.74044,20.66402,11.547244
"075","10am",18.2378306,30.734155,27.62755,17.05949,6.340973
"076","10am",20.1974109,24.313126,27.37312,23.551,4.56535
"077","10am",8.5905644,17.781736,35.44908,21.98509,16.19353
"078","10am",6.0880707,11.459147,48.59653,24.30702,9.549233
"079","10am",0.9947464,15.441396,56.09029,17.7144,9.759172
"080","10am",1.5917661,12.0426,40.89004,26.87777,18.597825
"001","11am",9.395883,10.831919,21.9993,29.324166,28.448728
"002","11am",6.249262,12.698121,30.5133,38.294388,12.244927
"003","11am",6.112881,13.316248,33.93266,30.539396,16.098814
"004","11am",21.555189,13.774979,19.76602,32.668332,12.235482
"005","11am",11.503474,8.509839,22.45995,28.091288,29.435449
"006","11am",9.498281,14.143805,26.36052,37.468601,12.528788
"007","11am",11.129142,9.195752,35.86791,28.50416,15.303032
"008","11am",16.149343,8.97446,37.78671,28.855268,8.234217
"009","11am",5.444316,10.81393,35.0259,30.158625,18.557233
"010","11am",4.964165,29.633888,32.17437,13.28492,19.942654
"011","11am",10.206168,23.814898,39.77115,18.883424,7.324362
"012","11am",13.386908,14.9318,34.77128,26.962974,9.947036
"013","11am",7.985717,15.356701,40.73078,26.624069,9.302733
"014","11am",10.299696,24.320967,38.27693,22.932933,4.169478
"015","11am",10.903719,12.166346,45.11876,19.432035,12.379138
"016","11am",4.517739,20.14987,32.89496,28.358186,14.07925
"017","11am",10.935833,14.40179,22.9491,34.402331,17.310947
"018","11am",19.767225,32.346847,24.51502,16.90938,6.461532
"019","11am",13.891205,15.209188,28.09495,32.736183,10.068474
"020","11am",36.734436,26.712065,21.95314,9.682542,4.917815
"021","11am",9.213719,22.562242,30.096,27.629646,10.498391
"022","11am",6.342788,12.919966,27.34199,29.534835,23.860418
"023","11am",9.657187,14.941452,29.87254,32.910023,12.6188
"024","11am",18.134991,29.110961,39.12592,13.628125,0
"025","11am",11.811171,7.904163,29.2834,29.847861,21.153405
"026","11am",5.810063,12.416377,23.37939,32.475887,25.918281
"027","11am",8.905822,12.582316,27.6766,30.782862,20.052404
"028","11am",5.296726,9.78882,45.78761,26.202444,12.924398
"029","11am",7.793725,19.945805,27.36086,34.883119,10.016491
"030","11am",5.474666,11.854746,42.84605,27.222905,12.601629
"031","11am",8.956652,18.284482,42.60802,17.72806,12.422786
"032","11am",9.017658,20.014441,34.04127,27.343,9.583632
"033","11am",9.800169,16.984918,41.48507,18.560391,13.169452
"034","11am",4.522176,13.732144,46.90452,21.36979,13.471369
"035","11am",11.865958,18.71435,35.36604,25.753471,8.300178
"036","11am",8.402712,21.961393,32.58453,21.832882,15.218484
"037","11am",6.183468,28.267196,32.20677,20.776696,12.565866
"038","11am",10.241204,8.68876,39.13944,29.415609,12.514986
"039","11am",10.364126,11.434787,34.4823,22.68598,21.032806
"040","11am",9.159473,16.520324,29.1195,31.579843,13.620857
"041","11am",12.545711,23.873269,21.84921,24.835493,16.896312
"042","11am",8.793322,9.54778,47.13679,22.198809,12.323301
"043","11am",4.900861,7.0119,36.22905,32.260083,19.598103
"044","11am",6.896442,13.705609,28.93107,39.595524,10.87135
"045","11am",8.03969,23.486481,46.74654,15.741566,5.985724
"046","11am",5.644325,19.569414,42.0203,20.085491,12.680471
"047","11am",6.285782,14.255799,35.94222,37.617396,5.898804
"048","11am",15.973501,29.124912,28.25545,23.636319,3.009821
"049","11am",8.737079,22.127992,33.73948,29.544482,5.850963
"050","11am",8.464873,21.686847,40.11857,23.725069,6.004637
"051","11am",9.177986,15.121069,43.45184,18.587962,13.661146
"052","11am",10.567634,21.265803,33.72734,23.19757,11.241655
"053","11am",17.636278,15.367019,41.19708,18.278916,7.520706
"054","11am",10.597582,25.125766,37.99498,21.075013,5.206654
"055","11am",8.608915,17.685675,49.92037,11.291098,12.493942
"056","11am",4.768721,16.963328,39.24562,29.085825,9.936504
"057","11am",12.06618,11.010718,32.07885,34.266156,10.578094
"058","11am",14.496874,32.42529,24.32228,21.385585,7.369967
"059","11am",15.384904,26.321385,32.65966,20.204381,5.429666
"060","11am",8.581957,17.830988,45.67158,19.218692,8.696781
"061","11am",8.272937,34.723691,39.00426,14.053198,3.945915
"062","11am",9.949197,17.388997,37.7147,26.224312,8.722797
"063","11am",1.088328,15.921614,43.28105,29.206113,10.502896
"064","11am",12.753271,18.982826,31.88836,31.246805,5.128735
"065","11am",5.755033,27.403503,29.78036,29.09374,7.967359
"066","11am",9.676052,19.330208,29.46309,30.526967,11.003686
"067","11am",6.957086,41.794709,24.45071,23.144813,3.652683
"068","11am",13.095841,24.396964,40.72443,20.52357,1.259194
"069","11am",10.487567,27.086525,31.52665,23.665871,7.233385
"070","11am",9.015263,30.357653,30.18894,26.144158,4.293987
"071","11am",18.127845,33.127199,35.74871,11.18774,1.808501
"072","11am",16.168493,18.681078,31.30824,24.192325,9.649864
"073","11am",15.412819,16.082357,32.28073,27.253069,8.971029
"074","11am",18.274314,23.390422,28.19744,18.441451,11.696377
"075","11am",19.834111,30.586195,27.58068,17.356974,4.642044
"076","11am",20.612717,24.813061,27.13992,23.483351,3.950949
"077","11am",7.294339,17.340288,34.46628,24.114704,16.78439
"078","11am",6.449807,9.050744,50.62101,23.452085,10.426357
"079","11am",1.035014,15.123351,54.37476,19.31265,10.154228
"080","11am",1.623628,12.283651,42.23498,26.185468,17.672271
"001","12am",7.805953,12.146995,20.49409,29.303745,30.2492198
"002","12am",5.19892,14.359189,33.7963,31.335127,15.3104587
"003","12am",6.062752,15.710776,34.64669,31.855932,11.7238527
"004","12am",19.331997,12.316562,26.28479,28.508968,13.5576774
"005","12am",9.248842,8.408186,25.20457,27.061898,30.0765071
"006","12am",8.82183,13.260632,26.87652,33.468169,17.5728533
"007","12am",11.187561,8.384294,34.0158,27.882787,18.5295555
"008","12am",12.809558,10.348195,37.82609,31.213354,7.8028015
"009","12am",5.135047,9.650477,33.80796,31.998886,19.407634
"010","12am",4.920125,28.746579,38.28939,13.828995,14.2149129
"011","12am",8.61657,26.122293,38.78919,19.977698,6.4942496
"012","12am",13.081156,15.848092,35.38841,27.899057,7.783284
"013","12am",8.204521,15.519359,38.63032,26.512444,11.1333536
"014","12am",10.302336,19.115365,39.53411,23.487226,7.5609583
"015","12am",11.442162,10.987365,39.68406,25.431658,12.4547498
