"district","hour","educmen1","educmen2","educmen3","educmen4"
"001","4am",0,22.26947,24.48114,53.2493951
"002","4am",0,17.28631,39.52656,43.1871302
"003","4am",5.479486,23.54135,34.69066,36.288499
"004","4am",6.774507,37.25562,30.9413,25.0285683
"005","4am",3.130518,25.97919,31.47529,39.4149918
"006","4am",10.189059,20.42645,28.64281,40.7416861
"007","4am",0,19.47533,32.99367,47.5310034
"008","4am",11.307551,28.0533,29.46172,31.1774212
"009","4am",4.16808,30.82761,29.70178,35.3025287
"010","4am",2.197646,38.67066,33.56793,25.5637686
"011","4am",2.860569,62.91873,25.46499,8.7557146
"012","4am",9.723015,46.57278,27.44795,16.2562555
"013","4am",10.544258,44.72695,26.43722,18.2915678
"014","4am",7.219389,41.67762,28.17313,22.9298568
"015","4am",3.366798,35.81048,35.12979,25.692929
"016","4am",6.442306,31.91456,33.61993,28.0232024
"017","4am",6.001217,39.44264,20.02323,34.5329091
"018","4am",22.257849,40.83083,21.33237,15.5789482
"019","4am",16.513684,42.1159,31.2654,10.1050204
"020","4am",45.945599,39.15675,13.94327,0.9543813
"021","4am",10.969453,30.49483,38.7643,19.7714207
"022","4am",8.355475,38.93324,18.34109,34.3701927
"023","4am",6.166344,26.2643,36.80307,30.7662816
"024","4am",16.927213,60.65415,12.29021,10.1284194
"025","4am",0,24.36393,21.96148,53.6745979
"026","4am",4.939561,20.44771,22.36425,52.2484784
"027","4am",1.305127,49.43376,24.2983,24.9628078
"028","4am",2.659704,29.66612,41.20515,26.4690251
"029","4am",5.255204,40.94732,35.39172,18.405753
"030","4am",3.28368,29.83779,36.08553,30.7930011
"031","4am",18.17969,42.15899,28.52615,11.1351763
"032","4am",3.133716,40.47903,36.55693,19.8303221
"033","4am",4.648385,50.6461,27.1013,17.6042178
"034","4am",6.861886,34.97105,38.10106,20.066009
"035","4am",1.711667,49.62878,25.01023,23.6493185
"036","4am",4.787616,35.6636,38.54898,20.9998006
"037","4am",5.338865,44.21878,32.14443,18.2979267
"038","4am",8.036967,34.38792,37.30061,20.274503
"039","4am",1.751496,29.6145,46.07674,22.5572628
"040","4am",6.411429,28.5385,32.15979,32.8902811
"041","4am",5.920668,40.76222,27.11329,26.2038314
"042","4am",6.110403,37.76447,35.91056,20.2145711
"043","4am",20.569914,31.40148,31.12649,16.902114
"044","4am",11.280064,51.19806,28.22713,9.2947486
"045","4am",1.850635,62.76751,21.38298,13.9988731
"046","4am",3.911265,53.89326,25.71266,16.4828082
"047","4am",6.69101,41.03535,39.34233,12.9313089
"048","4am",13.87456,39.7139,31.25074,15.160797
"049","4am",4.078918,47.2082,30.43948,18.2734056
"050","4am",7.633917,46.32174,34.3016,11.742746
"051","4am",9.406065,43.448,26.22682,20.9191165
"052","4am",6.88486,35.57517,28.4763,29.0636716
"053","4am",14.702038,38.79247,25.94372,20.5617766
"054","4am",8.604957,52.72463,27.77106,10.8993581
"055","4am",7.103548,45.71711,34.43071,12.7486335
"056","4am",9.454849,44.07063,36.83089,9.6436366
"057","4am",2.237983,30.85294,36.87827,30.0308015
"058","4am",9.378842,66.02225,15.00212,9.596783
"059","4am",12.116284,58.84913,21.61389,7.4207026
"060","4am",23.969731,43.61996,29.98334,2.4269728
"061","4am",10.751868,51.39156,26.78268,11.0738904
"062","4am",1.833567,50.71245,24.75478,22.6991976
"063","4am",4.135901,43.10632,34.54822,18.2095585
"064","4am",5.56443,48.53656,29.73929,16.1597219
"065","4am",14.878628,47.44709,25.97743,11.6968538
"066","4am",5.811477,50.0075,22.71698,21.4640487
"067","4am",11.10361,48.71341,29.162,11.0209786
"068","4am",8.796172,51.17964,34.7224,5.3017934
"069","4am",8.942285,46.68232,31.37743,12.9979635
"070","4am",10.599654,45.82442,35.13022,8.4457066
"071","4am",16.693922,66.33705,14.34806,2.6209636
"072","4am",15.883778,58.56026,18.45072,7.1052378
"073","4am",9.178019,54.87396,18.05337,17.8946606
"074","4am",13.761622,56.29574,19.38226,10.5603708
"075","4am",13.906646,59.14223,18.21337,8.7377504
"076","4am",22.040029,58.2366,15.21597,4.5074097
"077","4am",15.595997,27.74976,41.10942,15.5448172
"078","4am",16.247653,37.12989,30.52561,16.0968451
"079","4am",16.285536,44.48375,24.84048,14.390228
"080","4am",22.310085,31.87014,27.54005,18.2797326
"001","5am",0,23.79743,24.30453,51.8980389
"002","5am",0,17.05588,40.33268,42.6114384
"003","5am",5.386733,23.63844,34.46078,36.5140495
"004","5am",6.814946,37.47801,31.126,24.5810385
"005","5am",3.130518,25.97919,31.47529,39.4149918
"006","5am",10.189059,20.42645,28.64281,40.7416861
"007","5am",0,19.77989,32.86888,47.3512278
"008","5am",11.361119,27.71247,29.6013,31.3251205
"009","5am",3.978877,32.03375,28.35352,35.6338529
"010","5am",2.248326,37.95385,33.64453,26.1532937
"011","5am",2.830655,63.41048,25.09471,8.6641526
"012","5am",9.874316,46.60105,27.01541,16.5092216
"013","5am",10.226283,44.79437,27.23938,17.7399641
"014","5am",7.317462,41.39476,28.04643,23.2413521
"015","5am",3.39804,35.21484,35.45578,25.9313452
"016","5am",6.572065,30.54321,34.29709,28.5876354
"017","5am",6.790861,40.06401,19.85329,33.2918379
"018","5am",22.618434,39.87227,21.67796,15.8313323
"019","5am",16.513684,42.1159,31.2654,10.1050204
"020","5am",47.03589,40.08594,11.90114,0.9770288
"021","5am",10.337238,30.71138,39.03957,19.9118196
"022","5am",8.115683,39.02813,19.47238,33.383811
"023","5am",5.907625,30.18508,34.43187,29.4754305
"024","5am",16.995733,61.9236,12.33996,8.7407057
"025","5am",0,25.312,21.6862,53.0018066
"026","5am",4.939561,20.44771,22.36425,52.2484784
"027","5am",1.328151,51.10107,23.81991,23.7508627
"028","5am",2.669386,28.1855,42.57973,26.5653877
"029","5am",5.121069,40.70951,34.51355,19.655875
"030","5am",3.28368,29.83779,36.08553,30.7930011
"031","5am",17.503159,42.2927,28.91656,11.2875751
"032","5am",4.160644,40.72381,35.40891,19.7066359
"033","5am",4.631652,50.82375,27.00375,17.5408491
"034","5am",6.77699,36.56048,36.84478,19.8177507
"035","5am",1.663645,49.49689,25.85364,22.9858225
"036","5am",4.74309,36.26194,38.19047,20.8044981
"037","5am",5.371244,43.88047,32.33939,18.4089023
"038","5am",7.436384,34.56362,36.84955,21.1504505
"039","5am",1.763169,29.91226,45.61696,22.7076044
"040","5am",6.374135,28.43451,32.49239,32.6989632
"041","5am",5.920668,40.76222,27.11329,26.2038314
"042","5am",6.1818,37.54139,35.82603,20.4507705
"043","5am",20.481057,31.69781,30.99203,16.8291009
"044","5am",11.332993,50.96906,28.35958,9.3383621
"045","5am",1.875562,63.0315,20.90551,14.1874292
"046","5am",3.855943,54.54542,25.34897,16.2496686
"047","5am",6.986931,39.93543,39.57442,13.5032177
"048","5am",13.87456,39.7139,31.25074,15.160797
"049","5am",4.000558,47.6775,29.8547,18.4672332
"050","5am",7.677713,46.58749,33.92469,11.8101138
"051","5am",9.647645,41.99554,26.90042,21.4563929
"052","5am",6.92992,36.32875,27.48744,29.253887
"053","5am",14.702038,38.79247,25.94372,20.5617766
"054","5am",8.701775,52.92255,27.35368,11.0219922
"055","5am",6.62124,45.27994,35.10173,12.9970907
"056","5am",9.598999,43.99745,36.61289,9.7906647
"057","5am",2.210223,29.86901,38.26248,29.6582946
"058","5am",9.604944,65.20313,15.36379,9.8281388
"059","5am",12.380931,57.60364,22.59356,7.4218702
"060","5am",23.476255,45.6403,28.50644,2.3770076
"061","5am",10.910635,51.61953,26.23242,11.2374125
"062","5am",1.838388,50.84581,24.55692,22.7588869
"063","5am",4.247753,41.56768,35.48255,18.7020193
"064","5am",5.56443,48.53656,29.73929,16.1597219
"065","5am",14.297034,47.77127,26.15492,11.7767729
"066","5am",5.811477,50.0075,22.71698,21.4640487
"067","5am",11.43606,48.60535,28.60764,11.3509542
"068","5am",9.027758,51.76877,33.76209,5.4413791
"069","5am",9.237248,47.27089,32.41242,11.0794484
"070","5am",10.333669,47.83641,33.59615,8.2337721
"071","5am",16.992119,65.73575,14.60436,2.6677808
"072","5am",16.209006,56.69451,19.84576,7.250721
"073","5am",10.305965,55.14941,18.2363,16.3083327
"074","5am",12.789638,56.4749,19.89547,10.8399913
"075","5am",13.835005,58.70912,18.76314,8.692737
"076","5am",21.620563,58.54994,15.29784,4.5316619
"077","5am",15.682379,27.34959,41.33712,15.6309159
"078","5am",16.382739,36.60718,30.77941,16.2306771
"079","5am",16.285536,44.48375,24.84048,14.390228
"080","5am",22.654853,32.36264,26.42029,18.5622176
"001","6am",0,24.77983,23.74158,51.478585
"002","6am",0,17.28973,40.20013,42.510137
"003","6am",5.241942,25.86241,33.36307,35.532584
"004","6am",6.917666,37.14157,31.59515,24.34561
"005","6am",3.165471,26.18197,31.07778,39.574776
"006","6am",10.512888,19.19148,30.03934,40.256301
"007","6am",0,19.85194,33.40953,46.73853
"008","6am",11.495148,27.35206,29.95051,31.202285
"009","6am",4.277818,33.85119,27.75815,34.112844
"010","6am",2.291229,37.18524,34.45463,26.068905
"011","6am",2.796075,64.99192,23.65369,8.558309
"012","6am",10.000211,45.92023,27.35985,16.719709
"013","6am",11.441642,46.22382,25.67566,16.658882
"014","6am",7.413487,39.59179,29.44839,23.54634
"015","6am",3.502418,33.9443,35.82541,26.72788
"016","6am",6.341281,32.98224,33.09272,27.583757
"017","6am",6.367908,39.7739,19.67135,34.18684
"018","6am",22.656649,40.38496,21.10031,15.858081
"019","6am",17.685679,42.16601,31.16734,8.980971
"020","6am",47.148848,40.49291,11.33944,1.018802
"021","6am",10.699752,30.76339,38.70911,19.82775
"022","6am",8.425557,38.61271,19.81514,33.146593
"023","6am",5.944033,30.06052,34.3115,29.683945
"024","6am",17.100324,60.82245,12.92332,9.153908
"025","6am",0,25.74159,21.91546,52.342948
"026","6am",5.050623,20.24598,22.07362,52.629776
"027","6am",1.308104,52.11147,23.18805,23.392368
"028","6am",2.579948,30.62795,41.82432,24.967785
"029","6am",5.316147,40.80616,34.05399,19.82371
"030","6am",3.21542,28.64295,37.98875,30.152886
"031","6am",17.404225,42.17073,29.20127,11.223774
"032","6am",3.938279,44.68242,34.22464,17.154665
"033","6am",4.743455,52.56547,26.38137,16.309708
"034","6am",6.823786,36.91273,37.0992,19.164286
"035","6am",1.574169,48.85475,26.19021,23.380867
"036","6am",3.486397,37.90768,37.88964,20.716285
"037","6am",5.58441,45.17751,31.47048,17.767594
"038","6am",7.739229,34.31613,36.64696,21.297679
"039","6am",1.827436,28.61298,47.19567,22.363915
"040","6am",6.380669,29.05986,32.5257,32.03377
"041","6am",6.03515,41.7502,26.57085,25.643807
"042","6am",5.655066,37.45164,36.71951,20.173787
"043","6am",19.372269,33.03404,30.79386,16.799834
"044","6am",11.902379,46.42863,31.86145,9.807535
"045","6am",1.933407,61.89134,21.55026,14.624989
"046","6am",4.043552,52.33384,26.58232,17.04029
"047","6am",7.079789,41.50659,38.78131,12.632316
"048","6am",14.49838,38.27915,31.17266,16.049808
"049","6am",4.17391,47.69131,30.21531,17.919472
"050","6am",7.759593,46.01787,34.28648,11.936064
"051","6am",10.074887,41.22455,27.50813,21.192438
"052","6am",7.491404,35.9412,24.94327,31.624129
"053","6am",15.163026,35.91649,27.9761,20.94439
"054","6am",8.815574,53.61195,27.7114,9.861079
"055","6am",6.941096,45.18745,34.24651,13.624948
"056","6am",9.598999,43.99745,36.61289,9.790665
"057","6am",2.252594,30.19281,38.996,28.558595
"058","6am",9.51552,65.03366,15.71418,9.736637
"059","6am",13.728679,53.89037,24.15116,8.229791
"060","6am",22.965115,46.0656,28.52437,2.444912
"061","6am",11.644833,49.93993,26.42164,11.9936
"062","6am",1.950409,50.84823,24.03226,23.169105
"063","6am",2.414642,41.98268,36.1115,19.491182
"064","6am",6.715965,47.17461,30.02456,16.084863
"065","6am",15.200339,43.59988,28.67893,12.520845
"066","6am",6.20212,49.37249,22.44985,21.975537
"067","6am",11.349095,48.3263,29.05997,11.264636
"068","6am",8.630106,52.02666,34.49761,4.845622
"069","6am",9.598419,47.58839,31.30054,11.512649
"070","6am",10.032327,49.16677,32.61644,8.184463
"071","6am",16.897831,65.95146,14.39936,2.751341
"072","6am",16.28419,55.03323,21.39823,7.284353
"073","6am",9.285848,56.18053,19.51123,15.022392
"074","6am",14.332899,55.16337,19.91548,10.588252
"075","6am",14.460269,58.20411,18.59122,8.744395
"076","6am",23.698598,56.61582,14.71836,4.967217
"077","6am",16.236374,28.62381,38.95672,16.183093
"078","6am",16.941127,36.48254,32.23912,14.337207
"079","6am",16.351432,45.33693,24.941,13.370643
"080","6am",24.091153,29.77062,26.39918,19.739047
"001","7am",2.301942,26.32596,20.8984,50.473693
"002","7am",0,19.02076,46.73489,34.244359
"003","7am",3.693408,29.48666,33.15035,33.669583
"004","7am",6.616913,33.29201,32.00663,28.08445
"005","7am",2.947468,23.22741,31.40304,42.422082
"006","7am",11.231822,22.64827,27.94624,38.173666
"007","7am",0,19.79647,35.0755,45.128025
"008","7am",13.088322,24.57918,33.36281,28.969682
"009","7am",4.120443,30.75201,30.48255,34.644998
"010","7am",2.443689,39.66761,33.24112,24.64758
"011","7am",2.769048,62.71529,26.99978,7.515878
"012","7am",8.829199,47.48404,28.0209,15.66586
"013","7am",13.012722,45.78334,28.16455,13.039385
"014","7am",10.258938,42.37307,26.87601,20.49198
"015","7am",3.509175,31.8624,38.01634,26.612088
"016","7am",7.404539,34.11196,27.83464,30.648859
"017","7am",5.650322,35.25118,25.93727,33.161226
"018","7am",21.680995,41.52392,21.84031,14.95478
"019","7am",13.416968,36.90812,33.43828,16.236627
"020","7am",42.170863,40.6841,16.08612,1.058916
"021","7am",12.108536,34.44068,33.50895,19.941825
"022","7am",7.143959,36.42504,21.98503,34.445972
"023","7am",5.99487,33.54722,33.1576,27.300308
"024","7am",15.040852,62.49184,13.66729,8.800023
"025","7am",3.21594,29.73619,25.2544,41.793469
"026","7am",4.862457,25.69538,24.6625,44.779659
"027","7am",5.573245,48.52676,26.8924,19.007594
"028","7am",5.487826,32.65831,37.528,24.325863
"029","7am",5.675675,42.64284,34.29758,17.383903
"030","7am",3.887736,32.35905,34.08413,29.66909
"031","7am",16.948791,41.24128,31.41654,10.393388
"032","7am",4.590711,43.40549,38.50308,13.500714
"033","7am",4.966315,54.14194,26.29473,14.597017
"034","7am",7.085666,38.22515,35.73711,18.952068
"035","7am",3.209704,52.24436,24.41684,20.129091
"036","7am",3.814076,37.38702,36.56104,22.237858
"037","7am",5.29532,47.75496,29.32807,17.621643
"038","7am",9.124918,33.81908,38.04763,19.008374
"039","7am",2.111522,31.67269,46.13055,20.085236
"040","7am",6.86202,31.00911,32.4944,29.634472
"041","7am",8.668584,41.71436,25.65711,23.959944
"042","7am",6.823837,39.35406,32.17345,21.648651
"043","7am",14.472845,35.27426,33.02997,17.22293
"044","7am",14.670101,45.69323,27.54715,12.089525
"045","7am",3.165188,62.06446,21.12285,13.647505
"046","7am",5.012541,53.03762,28.69553,13.254315
"047","7am",6.679189,42.08144,41.48087,9.758505
"048","7am",14.350109,38.03867,30.52168,17.08954
"049","7am",5.689287,53.00562,22.15957,19.145524
"050","7am",9.085198,46.66898,33.0511,11.194725
"051","7am",8.011722,49.1208,24.23468,18.632801
"052","7am",9.374371,39.32766,22.74526,28.552712
"053","7am",17.722234,43.91575,21.74719,16.614831
"054","7am",10.927115,52.18135,28.68489,8.206644
"055","7am",6.995054,43.19997,40.30371,9.501269
"056","7am",10.368802,45.17822,34.29107,10.161914
"057","7am",2.824215,34.39289,35.39423,27.388659
"058","7am",9.710275,66.25845,16.2527,7.778569
"059","7am",14.665781,56.42956,21.5483,7.356359
"060","7am",19.27107,44.39059,30.8436,5.494743
"061","7am",13.695279,50.00711,25.66021,10.637403
"062","7am",2.432241,49.21495,25.099,23.253813
"063","7am",2.815782,40.84901,36.41669,19.918516
"064","7am",8.028492,45.38244,28.8304,17.758667
"065","7am",13.400877,47.65293,26.83136,12.114831
"066","7am",7.580879,52.06859,17.61798,22.732553
"067","7am",13.984084,53.06092,22.81536,10.139632
"068","7am",10.168892,53.61595,31.11292,5.102228
"069","7am",11.455461,47.23883,28.66519,12.640521
"070","7am",11.241572,50.42734,31.60324,6.727842
"071","7am",17.780168,64.23206,15.09277,2.895004
"072","7am",16.005741,53.84409,22.71737,7.432803
"073","7am",10.528344,52.78788,22.18255,14.501232
"074","7am",15.362246,50.09837,21.54212,12.99727
"075","7am",12.817256,62.34927,15.60896,9.224515
"076","7am",23.479012,55.31603,17.12284,4.082118
"077","7am",19.085999,28.70433,34.96539,17.244288
"078","7am",16.096645,40.43896,29.1109,14.3535
"079","7am",17.701137,44.58822,24.36235,13.348291
"080","7am",25.779386,26.483,27.22742,20.510192
"001","8am",5.607038,24.6884,24.00757,45.697
"002","8am",1.293152,23.74326,43.31626,31.647336
"003","8am",4.83896,32.52118,32.27929,30.360569
"004","8am",7.517752,37.54599,30.64275,24.293504
"005","8am",4.174433,25.83822,30.37313,39.614224
"006","8am",12.826788,25.92114,27.52273,33.729339
"007","8am",0,24.67702,36.90474,38.418244
"008","8am",14.303904,24.99549,36.16015,24.540455
"009","8am",4.30674,30.51823,35.16845,30.006575
"010","8am",2.401172,43.99413,28.10268,25.502015
"011","8am",2.536478,56.79264,28.12732,12.54356
"012","8am",10.093023,50.47784,24.1843,15.244829
"013","8am",8.956942,43.55191,31.70604,15.785112
"014","8am",9.287046,47.51279,25.51428,17.685889
"015","8am",3.981779,38.11166,37.18075,20.725815
"016","8am",10.670618,37.62506,26.78486,24.919462
"017","8am",5.1012,34.9747,26.46842,33.455685
"018","8am",20.510287,41.43442,26.30613,11.749165
"019","8am",11.651256,33.25673,32.98043,22.111589
"020","8am",39.454193,41.62408,15.63273,3.289004
"021","8am",14.592698,40.87342,31.38066,13.153224
"022","8am",3.820649,25.80457,30.53062,39.844167
"023","8am",6.996488,32.93595,33.79801,26.26956
"024","8am",12.032812,61.40999,15.44612,11.111078
"025","8am",6.739445,24.02255,26.75003,42.487976
"026","8am",5.797426,24.98133,26.42849,42.792749
"027","8am",4.079174,35.45413,35.02047,25.446227
"028","8am",5.150085,33.95635,38.54657,22.346986
"029","8am",5.245866,40.22396,30.98492,23.545252
"030","8am",3.781504,39.41333,30.68274,26.122428
"031","8am",17.932352,41.07246,28.3118,12.683392
"032","8am",4.787364,42.66659,40.83918,11.706871
"033","8am",5.736404,61.07945,23.71017,9.473982
"034","8am",4.389587,33.06344,43.05172,19.495249
"035","8am",3.633027,53.4609,26.26487,16.641199
"036","8am",4.548692,38.25871,35.36895,21.823653
"037","8am",5.935216,53.87678,24.92153,15.266473
"038","8am",10.261833,27.4476,35.16759,27.122973
"039","8am",1.804786,34.49087,38.76383,24.940513
"040","8am",7.476252,32.35997,30.14433,30.01945
"041","8am",7.531848,41.12189,28.35841,22.987851
"042","8am",7.729066,41.78297,30.41438,20.073582
"043","8am",13.513849,32.63785,35.35642,18.49188
"044","8am",13.118086,39.91226,26.17953,20.790119
"045","8am",3.993984,68.28534,17.37568,10.344995
"046","8am",6.677595,54.35194,27.53585,11.434605
"047","8am",5.754006,42.53824,42.52178,9.185972
"048","8am",13.38624,39.35178,31.26005,16.001925
"049","8am",6.736286,59.11379,19.60759,14.542337
"050","8am",10.145396,51.23563,29.01293,9.606047
"051","8am",7.296669,53.33617,19.8817,19.485455
"052","8am",10.534605,43.11824,27.42028,18.926876
"053","8am",19.617538,47.61117,20.27623,12.495065
"054","8am",12.360637,51.70585,26.21237,9.721144
"055","8am",7.84595,42.77054,38.18538,11.198135
"056","8am",11.337114,45.5613,31.1474,11.954191
"057","8am",2.968878,39.12137,30.41359,27.496164
"058","8am",11.181047,70.2641,11.08664,7.468209
"059","8am",15.161365,54.5495,25.28403,5.005105
"060","8am",19.324193,47.79818,26.08479,6.792836
"061","8am",16.039621,54.21041,22.30397,7.445996
"062","8am",3.029257,50.15758,29.55245,17.260712
"063","8am",3.59152,42.77306,36.79376,16.841665
"064","8am",10.028756,44.19025,26.99063,18.79036
"065","8am",12.080036,52.47366,25.30097,10.145332
"066","8am",7.977528,55.23858,17.27527,19.508617
"067","8am",16.160048,54.86496,23.83788,5.137117
"068","8am",10.237841,54.7779,29.73034,5.253917
"069","8am",13.3901,50.7708,25.2123,10.626803
"070","8am",12.551612,53.17577,26.77196,7.500653
"071","8am",16.626654,63.03979,16.31885,4.014702
"072","8am",14.678876,54.03817,24.46336,6.819587
"073","8am",10.736933,53.60691,23.49854,12.157623
"074","8am",14.689241,51.71405,19.80317,13.793537
"075","8am",12.43742,59.55727,16.75268,11.25263
"076","8am",24.610526,54.18659,16.81484,4.388047
"077","8am",21.222475,30.71252,30.20689,17.858116
"078","8am",14.441396,39.89778,31.17678,14.484045
"079","8am",18.033943,45.2272,25.2606,11.478258
"080","8am",29.963795,28.2705,26.02906,15.736639
"001","9am",5.396212,25.0674,24.23076,45.30563
"002","9am",1.838779,25.81675,41.24668,31.097799
"003","9am",5.855513,33.96967,33.54683,26.627992
"004","9am",7.238427,35.38771,33.05398,24.319881
"005","9am",3.511467,32.18179,31.83187,32.474877
"006","9am",10.27371,28.14525,23.23998,38.341056
"007","9am",2.251699,27.47068,30.86891,39.408707
"008","9am",13.362823,27.38341,36.78742,22.466354
"009","9am",3.652799,32.34213,36.14691,27.858159
"010","9am",3.946901,44.24703,29.75526,22.050808
"011","9am",2.421793,56.33382,27.21785,14.026535
"012","9am",10.048763,49.62669,26.66662,13.657929
"013","9am",9.973342,46.40548,28.38899,15.232185
"014","9am",7.114323,49.0506,24.70424,19.130843
"015","9am",6.183637,42.80692,32.23237,18.777075
"016","9am",10.0784,33.93522,31.48885,24.497522
"017","9am",9.334747,36.19831,24.3797,30.087242
"018","9am",21.410177,43.68667,23.70009,11.203068
"019","9am",11.442904,34.05032,31.91926,22.587518
"020","9am",39.372045,40.09133,17.08496,3.451666
"021","9am",14.290217,40.58449,32.14015,12.985142
"022","9am",3.347656,27.21261,29.36549,40.074245
"023","9am",8.700645,33.69568,32.84436,24.759316
"024","9am",14.316749,62.46934,11.83947,11.374437
"025","9am",6.335074,24.22241,32.00379,37.438723
"026","9am",5.580684,21.03257,30.4228,42.963954
"027","9am",3.434221,30.82157,37.76968,27.974536
"028","9am",3.406373,35.90206,37.6258,23.065764
"029","9am",5.121898,38.23934,32.97765,23.661116
"030","9am",4.064445,43.37218,28.18493,24.37844
"031","9am",19.075352,40.11444,27.31838,13.491826
"032","9am",4.26379,42.16966,39.52469,14.041862
"033","9am",4.904593,57.67516,25.06689,12.353356
"034","9am",5.131897,34.10929,40.93133,19.827483
"035","9am",3.475818,51.68865,26.85978,17.975751
"036","9am",3.361015,39.06149,34.82691,22.750586
"037","9am",6.300332,51.23785,22.81492,19.646903
"038","9am",10.539848,30.53739,33.40619,25.516565
"039","9am",2.244827,30.84569,36.54951,30.35998
"040","9am",7.64128,32.64941,30.46108,29.248235
"041","9am",5.474322,41.83454,26.68975,26.001389
"042","9am",9.734963,36.51212,35.44089,18.312022
"043","9am",15.119909,32.83054,34.06912,17.98043
"044","9am",13.824217,42.77134,21.63595,21.768494
"045","9am",3.890984,68.52116,18.5236,9.064252
"046","9am",6.568191,54.23185,27.99321,11.206745
"047","9am",4.670113,41.47714,41.79991,12.052839
"048","9am",16.17248,40.07304,33.04722,10.707258
"049","9am",7.359567,59.75243,20.42413,12.463871
"050","9am",12.002908,53.54363,27.1255,7.327955
"051","9am",6.488111,54.42745,19.98562,19.098811
"052","9am",10.508076,43.47691,26.35709,19.657927
"053","9am",18.508662,49.27028,22.15132,10.069739
"054","9am",12.103456,52.86567,26.56707,8.463801
"055","9am",9.754085,44.19364,33.09063,12.961653
"056","9am",9.022304,46.14756,33.61828,11.211854
"057","9am",3.071422,39.46778,28.77028,28.690513
"058","9am",12.708066,70.59612,11.53084,5.164979
"059","9am",14.059902,57.36866,23.01974,5.5517
"060","9am",20.43406,47.1569,26.21867,6.190376
"061","9am",16.568882,53.58646,21.10451,8.740151
"062","9am",3.330216,50.26549,30.81998,15.584312
"063","9am",4.242286,41.88382,36.04286,17.831036
"064","9am",11.374319,48.99033,28.1976,11.437753
"065","9am",10.463923,51.3154,25.36827,12.852402
"066","9am",8.665084,51.47174,20.46606,19.39711
"067","9am",16.822099,55.26333,23.10463,4.809935
"068","9am",11.108098,52.05072,31.49147,5.349709
"069","9am",15.566155,48.7303,22.77536,12.928181
"070","9am",10.778375,55.86201,26.48764,6.87198
"071","9am",17.267488,65.60035,12.88254,4.249627
"072","9am",16.389381,49.60614,26.66265,7.341835
"073","9am",10.869136,54.3499,21.96359,12.817378
"074","9am",16.031122,48.35549,21.13433,14.47905
"075","9am",9.356915,60.29845,19.26498,11.079656
"076","9am",25.391826,53.87765,16.20317,4.527352
"077","9am",22.471354,32.38373,28.88426,16.260658
"078","9am",13.153603,37.76409,32.03607,17.046229
"079","9am",17.902597,47.37163,23.91427,10.811505
"080","9am",28.388257,28.8575,29.73707,13.017178
"001","10am",5.410138,25.95527,26.18927,42.445322
"002","10am",3.566231,23.14709,41.8068,31.479879
"003","10am",6.137761,34.91021,31.72606,27.225969
"004","10am",6.319809,35.80428,33.48992,24.385983
"005","10am",3.475541,29.55366,30.57955,36.391249
"006","10am",8.711437,26.79254,26.25933,38.236696
"007","10am",2.834369,31.50372,34.26219,31.399722
"008","10am",15.59439,28.17854,33.16094,23.066135
"009","10am",3.122324,30.43403,38.05116,28.39248
"010","10am",4.407701,45.26894,25.92079,24.402571
"011","10am",2.984193,56.38557,26.8131,13.817138
"012","10am",9.712168,51.68719,26.79514,11.805504
"013","10am",9.362548,45.35162,29.55012,15.735707
"014","10am",7.321706,47.15875,24.44178,21.077758
"015","10am",5.873473,39.76781,34.10361,20.255106
"016","10am",9.756221,34.91324,32.17543,23.15511
"017","10am",9.894196,39.71741,22.72441,27.66398
"018","10am",21.850301,42.07486,21.9599,14.114939
"019","10am",11.36678,33.978,32.47133,22.183886
"020","10am",42.667745,35.85102,16.78199,4.699246
"021","10am",14.920778,39.26471,33.92065,11.893857
"022","10am",3.52732,29.86995,27.29879,39.303946
"023","10am",8.024349,32.08279,34.85157,25.041291
"024","10am",12.944409,66.14411,12.27576,8.635718
"025","10am",6.276734,25.78647,31.2339,36.702898
"026","10am",4.86212,22.71518,29.00387,43.418827
"027","10am",3.383005,31.41031,37.78679,27.419896
"028","10am",3.219198,38.22477,35.29689,23.25914
"029","10am",2.665687,39.81008,34.15882,23.365409
"030","10am",7.697611,39.57836,29.26434,23.459691
"031","10am",18.484043,40.67269,27.2292,13.61406
"032","10am",4.547539,42.87569,36.8941,15.682669
"033","10am",5.28846,56.66006,26.44259,11.608887
"034","10am",3.856801,32.79732,40.4498,22.896079
"035","10am",4.334302,49.40604,28.34009,17.919567
"036","10am",5.250551,37.50889,37.50266,19.73789
"037","10am",6.052687,54.05288,22.84782,17.046617
"038","10am",11.382864,29.91953,34.41717,24.280435
"039","10am",3.772326,32.82335,34.85593,28.548396
"040","10am",8.21565,31.3791,31.34459,29.060658
"041","10am",5.385556,42.1572,27.74076,24.716488
"042","10am",6.092177,41.53023,32.92665,19.450944
"043","10am",14.524628,34.29843,36.70605,14.470895
"044","10am",12.590597,43.21207,20.47751,23.71982
"045","10am",3.703718,65.40945,19.92345,10.963382
"046","10am",5.565961,58.06291,26.86052,9.510605
"047","10am",4.889843,40.6479,43.37458,11.087675
"048","10am",13.406927,40.15546,33.5674,12.870217
"049","10am",6.482486,60.6263,20.0661,12.825115
"050","10am",12.245564,55.42702,23.5225,8.804915
"051","10am",8.157379,57.18579,20.37327,14.283559
"052","10am",11.125501,41.49439,27.50754,19.872569
"053","10am",20.070024,48.27397,19.27549,12.380523
"054","10am",13.610367,50.25124,28.33558,7.802816
"055","10am",9.499138,52.62391,27.0312,10.845752
"056","10am",9.438486,44.64324,35.28942,10.628858
"057","10am",3.257382,39.57367,31.10868,26.060276
"058","10am",11.106384,67.7298,14.50276,6.66105
"059","10am",13.032348,58.41434,21.9308,6.622507
"060","10am",18.209981,50.52009,23.93556,7.334369
"061","10am",21.395062,51.38957,19.42679,7.788571
"062","10am",2.512377,52.33204,29.64096,15.514632
"063","10am",4.306919,43.50583,32.91452,19.272727
"064","10am",11.815155,49.31139,25.18501,13.688451
"065","10am",11.035366,51.16407,23.04891,14.751655
"066","10am",7.014379,52.5647,20.34761,20.073316
"067","10am",18.024446,57.09761,20.00076,4.877185
"068","10am",10.98103,52.36758,31.36288,5.288512
"069","10am",14.655233,49.83272,22.0959,13.41615
"070","10am",9.251454,54.76884,25.9295,10.050201
"071","10am",16.612626,64.85525,15.06877,3.463346
"072","10am",14.877795,49.41656,28.21393,7.491717
"073","10am",10.654172,55.73669,23.11603,10.493101
"074","10am",15.059251,52.17217,19.36387,13.404703
"075","10am",12.465955,56.84096,19.90695,10.786135
"076","10am",22.227491,55.63108,17.45751,4.683916
"077","10am",24.257375,32.67883,27.68683,15.376966
"078","10am",13.420417,38.51616,32.56145,15.501975
"079","10am",17.063391,47.38291,24.45396,11.099742
"080","10am",26.90308,28.9563,28.65725,15.483376
"001","11am",4.010974,22.68379,27.83743,45.467805
"002","11am",0,31.51665,44.952803,23.530551
"003","11am",3.389157,35.01919,33.883179,27.708475
"004","11am",9.120251,36.82179,29.12054,24.937421
"005","11am",3.148576,34.79332,28.822384,33.235724
"006","11am",9.626603,31.67598,25.540496,33.15692
"007","11am",2.560495,30.15374,35.153002,32.132766
"008","11am",10.740811,29.75787,34.556062,24.945257
"009","11am",3.777823,28.90795,36.943355,30.370869
"010","11am",3.866818,40.94926,30.306893,24.877028
"011","11am",4.287239,55.72364,28.537203,11.451919
"012","11am",8.933773,51.87995,27.309441,11.876835
"013","11am",9.398624,42.49592,29.944465,18.160994
"014","11am",10.04149,49.36616,23.984189,16.60816
"015","11am",3.740313,42.00849,37.451449,16.799746
"016","11am",10.672879,33.90353,28.51027,26.913325
"017","11am",8.386087,36.45993,21.376109,33.777872
"018","11am",24.703274,40.88171,21.735313,12.679702
"019","11am",7.636236,34.14088,33.686288,24.536596
"020","11am",42.560227,35.47488,16.886085,5.078808
"021","11am",12.48785,37.71105,40.089564,9.711537
"022","11am",3.780425,30.71834,28.204025,37.297215
"023","11am",9.592732,31.78982,33.476375,25.141075
"024","11am",12.50699,69.61061,9.180261,8.70214
"025","11am",6.085442,22.87594,29.287754,41.750859
"026","11am",5.05343,26.28982,24.760876,43.895876
"027","11am",4.316857,31.67212,35.867762,28.14326
"028","11am",3.094319,34.57956,38.431891,23.894231
"029","11am",3.848822,38.07364,31.73893,26.33861
"030","11am",5.219747,43.48803,27.715294,23.576931
"031","11am",18.253557,43.10235,25.999405,12.644684
"032","11am",4.479601,42.99542,37.147695,15.377284
"033","11am",5.539424,56.1093,28.292667,10.058613
"034","11am",3.698412,32.59195,38.457107,25.252528
"035","11am",3.868192,47.6533,30.757886,17.720622
"036","11am",3.562437,37.65529,37.253421,21.528851
"037","11am",5.843813,55.34856,21.704483,17.103147
"038","11am",9.657122,29.53217,37.396959,23.413746
"039","11am",2.28395,32.94883,33.115821,31.651399
"040","11am",7.327616,29.70459,32.265392,30.702404
"041","11am",6.007349,42.55491,26.72672,24.711021
"042","11am",7.257022,39.37194,31.802381,21.568658
"043","11am",13.900473,32.25612,36.34723,17.49618
"044","11am",11.408702,40.60323,25.582007,22.40606
"045","11am",3.76032,65.76946,20.783329,9.68689
"046","11am",6.255151,57.97089,25.759067,10.014894
"047","11am",5.41627,42.65263,41.102095,10.829002
"048","11am",13.254973,40.99843,34.272218,11.474378
"049","11am",6.024263,57.72446,22.929325,13.321955
"050","11am",11.081339,56.49976,23.588162,8.830741
"051","11am",7.952896,55.30123,20.889682,15.856192
"052","11am",11.410388,45.65566,26.1503,16.783648
"053","11am",18.404831,47.90838,20.801047,12.88574
"054","11am",12.767715,50.75315,28.282735,8.196402
"055","11am",11.542325,47.37481,28.648653,12.434211
"056","11am",11.147313,42.08083,36.495644,10.276212
"057","11am",3.005281,38.57202,36.564797,21.857898
"058","11am",11.539488,70.66203,11.684044,6.114441
"059","11am",14.205315,57.62571,23.066513,5.102467
"060","11am",18.816876,49.7478,23.877048,7.558275
"061","11am",20.178186,49.2451,23.491845,7.084869
"062","11am",2.331019,56.65839,27.501302,13.509291
"063","11am",3.917,43.37177,33.279195,19.432033
"064","11am",11.439006,48.56011,24.649328,15.351556
"065","11am",12.266505,50.58377,23.20889,13.940836
"066","11am",6.624536,48.09326,21.101419,24.180783
"067","11am",19.115275,55.4867,20.225678,5.172349
"068","11am",11.473676,52.45074,30.870159,5.205428
"069","11am",15.717672,53.23398,19.878133,11.170217
"070","11am",10.604572,57.54674,22.944066,8.904617
"071","11am",16.211598,64.60128,16.835997,2.351126
"072","11am",15.001823,50.87256,26.6913,7.434321
"073","11am",11.183605,52.32691,24.441138,12.048347
"074","11am",13.073733,55.73629,18.473389,12.716587
"075","11am",12.68833,56.10656,19.945101,11.260008
"076","11am",21.587869,55.83859,17.793309,4.780228
"077","11am",22.453698,32.29034,29.774456,15.481505
"078","11am",13.100749,38.29371,33.3362,15.26934
"079","11am",18.959337,43.62439,25.991355,11.424913
"080","11am",27.447415,28.24479,28.511137,15.796654
"001","12am",2.4094083,20.24812,29.88187,47.460603
"002","12am",1.1837172,33.35417,40.5061,24.956012
"003","12am",3.5393446,36.58639,33.12846,26.745811
"004","12am",7.2578434,35.29571,32.60225,24.84419
"005","12am",3.2457776,28.47056,35.46074,32.822921
"006","12am",9.3085608,28.07956,26.91829,35.693585
"007","12am",2.1726458,30.99863,34.89917,31.929554
"008","12am",11.8162273,26.27716,36.88935,25.017267
"009","12am",3.4237961,30.52108,34.33646,31.718658
"010","12am",4.3289532,44.72493,33.62629,17.319821
"011","12am",3.5366441,55.25362,30.66427,10.545462
"012","12am",9.0472062,51.47494,24.57221,14.905642
"013","12am",9.7458387,47.17279,26.02076,17.060611
"014","12am",10.4213044,43.4129,26.39361,19.772185
"015","12am",3.3778578,44.69433,34.58501,17.342799
"016","12am",10.0500398,33.53732,28.17409,28.238557
"017","12am",9.8492388,34.53607,22.31271,33.301985
"018","12am",22.8365779,44.5155,20.59923,12.048686
"019","12am",11.8082282,28.06366,36.88264,23.24548
"020","12am",38.4392918,39.77651,17.81256,3.971635
"021","12am",11.536635,38.34987,34.68641,15.42709
"022","12am",3.5185512,32.05837,24.68168,39.741404
"023","12am",10.0875944,31.40898,33.1738,25.329632
"024","12am",13.605842,63.86095,11.2285,11.304713
"025","12am",5.0890905,24.43062,26.16386,44.316433
"026","12am",6.7249367,20.88186,23.87637,48.51684
"027","12am",4.7428748,34.8468,35.92381,24.48651
"028","12am",1.3681276,34.01998,41.00386,23.608038
"029","12am",5.508948,38.41794,31.8451,24.228014
"030","12am",3.9856606,36.02548,31.23553,28.753328
"031","12am",21.1166535,42.73201,26.66821,9.483121
"032","12am",3.4798435,42.9288,38.12925,15.462115
"033","12am",4.1583071,54.46669,28.99656,12.378447
"034","12am",4.7650333,31.93154,37.96825,25.335173
"035","12am",5.9241276,47.36776,29.152,17.556108
"036","12am",3.1786207,41.69776,37.56733,17.556296
"037","12am",3.6327006,50.39766,26.10078,19.868856
"038","12am",8.9763395,32.75979,34.36968,23.894192
"039","12am",0.6089426,39.41609,40.3622,19.612773
"040","12am",8.2715735,27.66877,31.10308,32.956569
"041","12am",7.6869678,40.75455,26.07735,25.481136
"042","12am",6.8269458,38.56128,30.72244,23.889329
"043","12am",13.5295416,34.62317,35.68665,16.160635
"044","12am",11.228633,40.4243,29.60513,18.741934
"045","12am",3.7866306,67.13893,20.64015,8.434287
"046","12am",5.1478054,61.08627,23.79215,9.973771
"047","12am",7.7506163,38.9972,42.77224,10.479943
"048","12am",12.5863137,47.32816,29.71122,10.374309
"049","12am",4.3486329,57.22061,25.96658,12.464177
"050","12am",11.0542711,51.99246,25.4158,11.537475
"051","12am",14.6564504,52.10232,18.4972,14.744023
"052","12am",9.7586914,42.23152,27.25892,20.750873
"053","12am",19.7568726,50.97752,19.78302,9.482587
"054","12am",11.4781078,48.92836,29.50661,10.086924
"055","12am",10.2141441,48.68146,27.44146,13.662943
"056","12am",10.4796001,44.23448,33.56284,11.723084
"057","12am",2.7885318,34.6051,36.24283,26.363537
"058","12am",12.8355076,70.21492,11.90774,5.041826
"059","12am",13.3576578,55.34309,26.44086,4.85839
"060","12am",20.6679317,48.16189,24.47694,6.693244
"061","12am",19.0454268,50.58187,23.44748,6.925225
"062","12am",2.866216,57.0678,27.78222,12.283767
"063","12am",3.6162737,46.99162,30.55735,18.834759
"064","12am",10.1229064,51.55682,23.85103,14.469249
"065","12am",11.8868333,52.47358,24.38996,11.249624
"066","12am",6.3682919,46.17945,21.55147,25.900789
"067","12am",15.9212895,54.52244,22.69807,6.858201
"068","12am",11.0975813,52.19992,31.08734,5.615151
"069","12am",15.8700264,55.35289,17.93625,10.840829
"070","12am",10.4545294,55.4064,27.2972,6.841869
"071","12am",15.3152232,65.51281,15.41306,3.758904
"072","12am",14.5873259,53.36643,25.70018,6.346064
"073","12am",9.2730916,56.9926,19.07422,14.660086
"074","12am",14.8853486,53.0531,20.80413,11.257415
"075","12am",15.1375161,54.18192,19.57361,11.106957
"076","12am",24.7714169,57.84431,13.00553,4.378745
"077","12am",21.3425362,31.90383,29.43277,17.320869
"078","12am",13.4635669,37.65374,31.55366,17.329028
"079","12am",19.6089247,43.67352,25.63918,11.078375
"080","12am",25.7283809,29.33455,30.21069,14.726376
"001","1pm",3.897776,22.08663,27.79521,46.220381
"002","1pm",0,30.78475,40.67059,28.544655
"003","1pm",5.734473,34.47742,34.18728,25.600823
"004","1pm",6.067073,34.97192,34.17079,24.790215
"005","1pm",4.327855,26.31716,32.6944,36.660582
"006","1pm",9.972794,31.84269,22.66399,35.520531
"007","1pm",2.246527,30.08807,35.79,31.875401
"008","1pm",10.557318,28.90355,38.37601,22.163119
"009","1pm",4.334793,30.56632,35.91801,29.18088
"010","1pm",4.71146,48.30548,31.42072,15.562343
"011","1pm",3.193189,55.79968,28.19769,12.809449
"012","1pm",10.93156,52.71727,22.78962,13.561557
"013","1pm",9.350746,44.10884,26.67394,19.866473
"014","1pm",11.283486,47.1113,23.59008,18.015136
"015","1pm",3.554838,44.27445,37.41192,14.758794
"016","1pm",10.078186,35.77881,28.25299,25.890009
"017","1pm",4.579109,35.40831,24.98814,35.024438
"018","1pm",18.811088,40.83495,26.86811,13.485852
"019","1pm",11.963415,32.90385,33.51767,21.615065
"020","1pm",38.302637,36.35846,20.41867,4.920231
"021","1pm",13.346168,38.82608,30.36645,17.461302
"022","1pm",3.800329,33.47953,22.6357,40.084436
"023","1pm",10.00988,29.42214,31.53834,29.029643
"024","1pm",13.595517,61.46385,14.78804,10.152597
"025","1pm",6.370281,23.63177,28.98409,41.013854
"026","1pm",6.333392,20.82682,28.19468,44.645103
"027","1pm",2.578302,30.72352,38.58941,28.108772
"028","1pm",3.384637,39.36211,35.96936,21.28389
"029","1pm",5.430146,36.53633,33.72852,24.304997
"030","1pm",6.696424,37.33773,31.99971,23.966145
"031","1pm",19.490255,41.43612,25.74066,13.332962
"032","1pm",5.748446,41.18001,38.06775,15.003794
"033","1pm",4.768353,52.0609,29.88302,13.28773
"034","1pm",4.555841,29.05589,42.73269,23.655577
"035","1pm",4.272618,48.75803,29.6195,17.349847
"036","1pm",3.460793,42.43174,36.94559,17.161878
"037","1pm",3.687936,56.00531,22.52585,17.7809
"038","1pm",10.966786,38.40103,30.31991,20.312276
"039","1pm",2.243298,36.47406,32.93561,28.347031
"040","1pm",8.365704,27.39438,32.79505,31.444869
"041","1pm",8.147962,39.26923,23.8563,28.726515
"042","1pm",6.595123,38.53803,30.19533,24.671515
"043","1pm",10.758147,33.51038,38.00426,17.727214
"044","1pm",9.805568,45.6377,25.27502,19.281715
"045","1pm",3.635685,66.40997,21.20701,8.747329
"046","1pm",6.548376,59.72024,24.50888,9.222502
"047","1pm",7.12433,38.09258,43.80938,10.973707
"048","1pm",12.689614,46.86121,33.79837,6.650806
"049","1pm",5.166833,63.10661,18.5305,13.196053
"050","1pm",12.397802,53.52124,24.14996,9.931
"051","1pm",11.270771,56.38752,18.75118,13.590534
"052","1pm",10.201588,46.00526,26.96049,16.832667
"053","1pm",20.471986,51.84639,18.99434,8.687278
"054","1pm",10.695229,49.43784,28.6777,11.189229
"055","1pm",9.985693,49.98328,28.22219,11.808843
"056","1pm",11.287865,46.12618,31.70333,10.882632
"057","1pm",4.236089,34.67102,32.33718,28.75572
"058","1pm",12.203382,67.60688,14.92783,5.261906
"059","1pm",16.643154,48.85612,27.8646,6.636127
"060","1pm",21.396757,46.467,24.32933,7.806917
"061","1pm",15.680462,55.37942,25.02687,3.913249
"062","1pm",2.823641,57.6089,27.6763,11.891152
"063","1pm",3.968042,43.44239,31.21962,21.369948
"064","1pm",10.632483,51.55064,22.784,15.032876
"065","1pm",12.749445,50.79995,25.08193,11.36868
"066","1pm",5.758758,48.24658,21.90783,24.086828
"067","1pm",16.575677,53.17094,24.04557,6.207813
"068","1pm",10.781231,53.035,29.36298,6.820797
"069","1pm",15.936729,55.03262,20.55623,8.474415
"070","1pm",10.851821,52.64324,29.40306,7.101873
"071","1pm",17.308305,63.09685,17.52547,2.069374
"072","1pm",15.833877,60.38705,16.89071,6.888363
"073","1pm",9.454701,54.74304,20.20409,15.598172
