"district","hour","mode1","mode2","mode3"
"001","4am",19.925154,8.247562,71.827284
"002","4am",16.7981775,9.590172,73.611651
"003","4am",15.8831807,16.996461,67.120358
"004","4am",12.9269141,41.294614,45.778472
"005","4am",13.4806083,33.736085,52.783306
"006","4am",21.8344986,28.366744,49.798758
"007","4am",12.9212592,41.793575,45.285166
"008","4am",15.2448798,56.333185,28.421935
"009","4am",18.3392817,32.208675,49.452043
"010","4am",18.4265408,47.46669,34.106769
"011","4am",20.1121371,61.334544,18.553319
"012","4am",25.2248745,43.731168,31.043958
"013","4am",16.0937054,56.337872,27.568422
"014","4am",19.4545677,55.648105,24.897327
"015","4am",17.1059977,60.136251,22.757752
"016","4am",13.1963071,72.419855,14.383837
"017","4am",26.9946736,49.32824,23.677087
"018","4am",28.1437466,38.022195,33.834058
"019","4am",20.08105,48.330793,31.588157
"020","4am",28.5623977,30.224669,41.212934
"021","4am",21.2404132,56.67061,22.088977
"022","4am",30.0584962,38.931351,31.010153
"023","4am",9.3964191,64.103132,26.500449
"024","4am",16.9080778,62.937199,20.154723
"025","4am",27.4987307,44.179152,28.322117
"026","4am",18.1505719,59.341336,22.508092
"027","4am",5.9354519,74.184396,19.880152
"028","4am",27.9808524,43.704116,28.315031
"029","4am",15.5392728,68.140899,16.319828
"030","4am",11.5842676,73.039102,15.37663
"031","4am",3.8724484,70.375044,25.752508
"032","4am",7.3824498,69.618374,22.999176
"033","4am",6.2415136,77.901253,15.857233
"034","4am",2.7252247,81.762428,15.512347
"035","4am",5.3395863,70.941026,23.719388
"036","4am",10.7918802,74.117457,15.090663
"037","4am",3.6780437,77.24271,19.079246
"038","4am",7.0648198,85.898438,7.036742
"039","4am",13.2708224,77.918921,8.810257
"040","4am",5.7058818,79.001313,15.292806
"041","4am",3.6931788,79.54718,16.759641
"042","4am",7.8726938,76.462537,15.664769
"043","4am",7.713324,76.519642,15.767034
"044","4am",3.3041672,70.094311,26.601522
"045","4am",10.8010898,66.331626,22.867284
"046","4am",6.8437566,73.145956,20.010287
"047","4am",0.9324703,80.223203,18.844327
"048","4am",9.9582772,77.049286,12.992436
"049","4am",8.0092997,79.226303,12.764397
"050","4am",2.206394,86.003587,11.790019
"051","4am",5.9637704,84.572222,9.464007
"052","4am",3.8984909,83.391623,12.709886
"053","4am",2.7403566,80.142291,17.117352
"054","4am",3.8139071,86.037459,10.148634
"055","4am",4.4509229,78.15642,17.392657
"056","4am",4.2038598,61.147434,34.648706
"057","4am",4.9747943,83.522093,11.503113
"058","4am",4.738732,81.469814,13.791454
"059","4am",3.5496183,68.095329,28.355053
"060","4am",3.3844586,75.797522,20.818019
"061","4am",2.9979772,80.136137,16.865886
"062","4am",6.1649265,78.991905,14.843169
"063","4am",5.2521283,84.327467,10.420405
"064","4am",3.9597637,72.211318,23.828919
"065","4am",7.0836995,59.947972,32.968328
"066","4am",0.751647,76.104069,23.144284
"067","4am",3.6939927,77.054246,19.251761
"068","4am",1.5685665,70.370856,28.060578
"069","4am",2.8898477,77.345281,19.764871
"070","4am",1.5509785,70.918832,27.530189
"071","4am",5.9373808,74.907053,19.155566
"072","4am",0.9747709,79.171221,19.854008
"073","4am",9.1542026,39.390201,51.455596
"074","4am",3.9673671,61.313744,34.718889
"075","4am",10.6040337,74.153515,15.242452
"076","4am",5.2956408,66.658012,28.046348
"077","4am",0.9640435,69.161037,29.874919
"078","4am",0,73.777956,26.222044
"079","4am",0,71.070062,28.929938
"080","4am",3.4450402,62.845467,33.709493
"001","5am",19.5814659,10.525829,69.892705
"002","5am",17.731105,9.482639,72.786256
"003","5am",15.6220397,17.545445,66.832515
"004","5am",13.0109367,40.91304,46.076023
"005","5am",13.4806083,33.736085,52.783306
"006","5am",21.8344986,28.366744,49.798758
"007","5am",12.8753277,42.000483,45.12419
"008","5am",14.83172,56.607795,28.560485
"009","5am",20.546303,31.727845,47.725852
"010","5am",18.8964455,47.905834,33.19772
"011","5am",19.8483011,60.94637,19.205329
"012","5am",25.6727424,43.712975,30.614283
"013","5am",15.5639624,57.775062,26.660976
"014","5am",19.7441606,54.987901,25.267939
"015","5am",17.3054684,59.671405,23.023127
"016","5am",12.4743753,72.840498,14.685127
"017","5am",26.7737098,50.657301,22.568989
"018","5am",28.6151947,38.018121,33.366684
"019","5am",20.08105,48.330793,31.588157
"020","5am",28.4851764,29.177101,42.337723
"021","5am",21.3771461,56.391681,22.231173
"022","5am",29.6580515,39.744918,30.59703
"023","5am",9.0334119,65.489918,25.476671
"024","5am",15.2587141,64.487638,20.253647
"025","5am",27.3092315,44.563824,28.126944
"026","5am",18.1505719,59.341336,22.508092
"027","5am",5.9913309,74.760505,19.248164
"028","5am",28.0713705,43.593015,28.335614
"029","5am",15.9031092,68.347824,15.749067
"030","5am",11.5842676,73.039102,15.37663
"031","5am",3.9322288,69.917712,26.150059
"032","5am",7.3326763,69.823212,22.844112
"033","5am",6.2165788,77.989538,15.793884
"034","5am",2.6839539,82.038618,15.277428
"035","5am",5.1756248,71.833333,22.991042
"036","5am",10.6798546,74.386132,14.934014
"037","5am",3.7063156,78.20674,18.086944
"038","5am",7.1060727,85.816096,7.077831
"039","5am",13.3692885,78.608819,8.021892
"040","5am",5.6684361,79.13912,15.192444
"041","5am",3.6931788,79.54718,16.759641
"042","5am",7.9715362,76.167022,15.861442
"043","5am",7.6759887,76.633295,15.690716
"044","5am",2.7776535,70.475978,26.746368
"045","5am",10.9740917,66.483789,22.542119
"046","5am",6.7397949,73.553889,19.706316
"047","5am",0.9800575,79.213922,19.80602
"048","5am",9.9582772,77.049286,12.992436
"049","5am",7.8371735,79.672746,12.490081
"050","5am",2.2203822,85.914853,11.864765
"051","5am",6.0752129,84.28393,9.640857
"052","5am",3.9263591,83.272898,12.800743
"053","5am",2.7403566,80.142291,17.117352
"054","5am",3.8657491,85.847668,10.286583
"055","5am",4.5503808,79.09178,16.357839
"056","5am",4.275894,60.481685,35.242421
"057","5am",4.9037287,83.757482,11.338789
"058","5am",4.8727734,80.945663,14.181564
"059","5am",3.5502265,67.543305,28.906469
"060","5am",3.300917,75.962357,20.736726
"061","5am",3.0500619,79.791037,17.158901
"062","5am",6.1829997,78.930317,14.886683
"063","5am",5.4229406,83.817757,10.759302
"064","5am",3.9597637,72.211318,23.828919
"065","5am",7.1390856,59.634813,33.226101
"066","5am",0.751647,76.104069,23.144284
"067","5am",3.791409,76.449131,19.75946
"068","5am",1.6145316,69.502606,28.882862
"069","5am",2.9999557,76.482098,20.517946
"070","5am",1.5041407,71.797049,26.69881
"071","5am",6.0661081,74.363018,19.570874
"072","5am",0.9991273,78.650777,20.350096
"073","5am",6.780563,39.608582,53.610855
"074","5am",4.0905872,62.869808,33.039605
"075","5am",10.5361346,74.319013,15.144852
"076","5am",5.328438,66.451517,28.220045
"077","5am",0.9702422,68.962743,30.067014
"078","5am",0,73.529607,26.470393
"079","5am",0,71.070062,28.929938
"080","5am",3.5050238,63.939706,32.55527
"001","6am",19.2708913,11.409038,69.320071
"002","6am",17.9351504,9.591763,72.473087
"003","6am",16.671167,18.005096,65.323737
"004","6am",13.2247608,40.602658,46.172582
"005","6am",13.5456066,33.416586,53.037807
"006","6am",21.5673385,29.172334,49.260328
"007","6am",13.3149091,41.40646,45.278631
"008","6am",14.5049938,56.5877,28.907306
"009","6am",21.5747597,32.821794,45.603447
"010","6am",18.6494962,47.450843,33.899661
"011","6am",18.4455661,62.642508,18.911926
"012","6am",25.4131944,43.526369,31.060436
"013","6am",14.8175614,59.800043,25.382395
"014","6am",20.0284248,55.164919,24.806657
"015","6am",16.9183364,59.162781,23.918883
"016","6am",12.0194631,72.629384,15.351153
"017","6am",25.5664844,51.279918,23.153598
"018","6am",28.1105605,38.464459,33.424981
"019","6am",19.7823468,46.755269,33.462385
"020","6am",28.8474634,28.939849,42.212687
"021","6am",22.0545259,55.00986,22.935614
"022","6am",29.80114,41.463299,28.735561
"023","6am",9.0846483,65.23711,25.678242
"024","6am",15.4939255,63.079703,21.426372
"025","6am",26.1365447,46.075543,27.787912
"026","6am",18.3689043,59.957345,21.673751
"027","6am",5.8925411,75.176674,18.930785
"028","6am",27.2324807,44.757798,28.009721
"029","6am",14.819814,68.753712,16.426474
"030","6am",11.311781,73.67328,15.014939
"031","6am",3.9071767,69.091226,27.001598
"032","6am",6.2301285,72.239806,21.530065
"033","6am",5.4981001,78.283771,16.218129
"034","6am",2.7066744,81.886569,15.406757
"035","6am",4.8725003,74.01312,21.11438
"036","6am",10.6293356,74.507293,14.863371
"037","6am",2.1001483,79.22429,18.675562
"038","6am",6.3408336,87.076189,6.582978
"039","6am",13.0529546,78.598291,8.348755
"040","6am",5.6749931,79.114989,15.210018
"041","6am",5.0924596,77.781154,17.126387
"042","6am",8.1855483,74.519105,17.295346
"043","6am",7.6115506,76.829453,15.558996
"044","6am",2.9202001,69.544624,27.535176
"045","6am",11.3789281,66.681247,21.939825
"046","6am",4.5256735,74.734561,20.739766
"047","6am",0.9951181,79.076392,19.92849
"048","6am",5.8814726,80.416446,13.702081
"049","6am",6.6475354,81.769553,11.582912
"050","6am",2.2465791,87.259852,10.493569
"051","6am",6.3711374,83.518398,10.110465
"052","6am",2.1414306,83.916473,13.942096
"053","6am",2.9444907,79.230079,17.825431
"054","6am",3.9269908,86.357939,9.71507
"055","6am",3.4663316,78.393198,18.140471
"056","6am",4.275894,59.938767,35.785339
"057","6am",3.9965003,84.413645,11.589854
"058","6am",4.819629,81.153477,14.026894
"059","6am",2.7282327,65.590168,31.681599
"060","6am",3.4146236,75.08127,21.504106
"061","6am",3.2944426,77.750441,18.955116
"062","6am",4.4920965,78.497833,17.01007
"063","6am",4.7688341,84.613666,10.6175
"064","6am",3.4379757,72.564086,23.997938
"065","6am",4.6291333,60.559291,34.811576
"066","6am",0,74.959901,25.040099
"067","6am",3.7586568,76.652576,19.588767
"068","6am",0.8567777,69.558288,29.584934
"069","6am",3.0518889,76.074973,20.873139
"070","6am",1.4516661,72.78096,25.767374
"071","6am",3.4003996,75.702313,20.897287
"072","6am",0.4303659,78.529808,21.039826
"073","6am",3.4673957,40.835133,55.697472
"074","6am",3.9796042,63.877199,32.143197
"075","6am",10.6140712,74.083519,15.302409
"076","6am",3.5324323,68.281071,28.186496
"077","6am",1.0102596,67.682621,31.307119
"078","6am",0,72.738418,27.261582
"079","6am",0,69.201717,30.798283
"080","6am",2.7350914,65.049223,32.215686
"001","7am",21.9038935,15.98845,62.107659
"002","7am",19.6174667,11.30984,69.072691
"003","7am",22.8843743,20.55177,56.563853
"004","7am",11.5735997,39.45448,48.971917
"005","7am",15.9448277,33.19692,50.858251
"006","7am",25.5853688,26.76784,47.646794
"007","7am",13.6500442,39.64111,46.708842
"008","7am",16.0033352,53.32968,30.666989
"009","7am",29.5419626,35.82519,34.632848
"010","7am",17.1378179,47.7362,35.12598
"011","7am",16.1866997,65.61827,18.195026
"012","7am",24.7833097,43.59745,31.61924
"013","7am",11.6124957,63.13531,25.252197
"014","7am",15.9878033,56.71251,27.299688
"015","7am",15.8243586,59.2247,24.950941
"016","7am",13.1091349,71.48441,15.406455
"017","7am",28.6345648,48.88278,22.482653
"018","7am",20.525096,45.30718,34.167726
"019","7am",23.5881009,47.71641,28.695487
"020","7am",21.837496,35.45019,42.71231
"021","7am",19.954458,56.21073,23.834814
"022","7am",24.9094348,47.85214,27.238425
"023","7am",14.5481497,64.46417,20.98768
"024","7am",14.6466152,64.19684,21.15654
"025","7am",32.9579986,39.68492,27.357077
"026","7am",15.0950042,59.9748,24.930191
"027","7am",4.3343828,78.40872,17.256894
"028","7am",23.619694,51.16461,25.215692
"029","7am",13.4591356,68.54767,17.993196
"030","7am",12.285863,73.56244,14.151699
"031","7am",0.9797866,69.1884,29.831818
"032","7am",5.4336267,75.67586,18.89051
"033","7am",7.5465232,76.31915,16.134331
"034","7am",0,85.5371,14.4629
"035","7am",5.2985818,78.21742,16.484002
"036","7am",10.9736835,73.45486,15.571452
"037","7am",1.2425718,80.87419,17.883235
"038","7am",3.7663093,88.75839,7.475298
"039","7am",15.5030992,74.58102,9.915883
"040","7am",5.2886214,78.75045,15.960926
"041","7am",3.2868304,82.0338,14.67937
"042","7am",4.5305411,76.98618,18.48328
"043","7am",5.8158543,79.97548,14.208666
"044","7am",2.061657,58.95435,38.983994
"045","7am",8.355599,69.10576,22.538646
"046","7am",4.5184339,70.04341,25.43816
"047","7am",0,80.08685,19.913145
"048","7am",4.062122,84.68599,11.25189
"049","7am",2.8520329,85.17514,11.972826
"050","7am",1.883312,85.80441,12.312278
"051","7am",2.4175643,84.56897,13.013462
"052","7am",0,83.60322,16.396779
"053","7am",0,77.01787,22.982134
"054","7am",0.9952085,88.89931,10.10548
"055","7am",1.0800878,82.42679,16.493123
"056","7am",3.0912213,58.07024,38.838541
"057","7am",4.3356124,80.84734,14.817046
"058","7am",3.8611447,79.96311,16.175744
"059","7am",1.513016,68.931,29.55598
"060","7am",14.1451691,65.81925,20.035579
"061","7am",0,79.4785,20.521495
"062","7am",3.7810008,76.24478,19.974224
"063","7am",4.2818051,82.00687,13.711323
"064","7am",1.3499541,71.60933,27.04072
"065","7am",0,63.13313,36.866874
"066","7am",0,72.27574,27.724265
"067","7am",0,79.56426,20.435739
"068","7am",0,70.37809,29.621909
"069","7am",1.8525064,77.08494,21.062549
"070","7am",1.2271063,70.30424,28.468653
"071","7am",2.7748661,73.57971,23.645423
"072","7am",0.5105437,77.92523,21.564228
"073","7am",2.7038367,46.70555,50.590611
"074","7am",6.7269254,63.18944,30.083632
"075","7am",15.6592669,70.02466,14.316075
"076","7am",3.4942622,67.86532,28.640415
"077","7am",0,65.29324,34.706762
"078","7am",3.7189597,69.61038,26.670662
"079","7am",5.4433953,63.0459,31.510701
"080","7am",1.3030142,64.35562,34.341369
"001","8am",24.0207147,18.60295,57.37634
"002","8am",29.8569888,12.69301,57.449998
"003","8am",31.4719267,21.46359,47.06448
"004","8am",9.8352669,46.80282,43.361916
"005","8am",17.2543882,34.14874,48.596868
"006","8am",27.2968896,29.91603,42.787084
"007","8am",19.6378994,31.88571,48.47639
"008","8am",13.0817596,55.27045,31.647788
"009","8am",30.5016927,40.38417,29.114139
"010","8am",21.1243102,44.22085,34.654837
"011","8am",14.4179841,70.96159,14.620427
"012","8am",20.3152676,44.27936,35.405368
"013","8am",9.3914412,64.24183,26.366724
"014","8am",12.2856716,61.00813,26.706201
"015","8am",15.6167819,59.93195,24.451272
"016","8am",18.7856198,62.42248,18.791896
"017","8am",31.8278134,45.95994,22.212245
"018","8am",19.3550091,49.70318,30.941812
"019","8am",19.4272044,55.48566,25.087136
"020","8am",20.9286852,35.50625,43.565066
"021","8am",19.8683301,55.71728,24.414393
"022","8am",21.7748659,52.32953,25.895602
"023","8am",14.9466718,68.45057,16.602757
"024","8am",12.9315702,61.92006,25.148365
"025","8am",30.6904886,40.04654,29.262974
"026","8am",20.0997259,54.20593,25.694339
"027","8am",7.1478125,81.54928,11.302908
"028","8am",24.7524274,51.18492,24.06265
"029","8am",11.9167894,71.02344,17.05977
"030","8am",18.2788652,71.27459,10.446544
"031","8am",1.0780357,64.87165,34.05031
"032","8am",4.7269839,79.68636,15.586659
"033","8am",12.7689545,72.14772,15.083321
"034","8am",0,88.8214,11.178605
"035","8am",5.5246329,77.28709,17.188276
"036","8am",4.7081256,77.17216,18.11971
"037","8am",0,80.01818,19.981821
"038","8am",2.7255804,84.62774,12.646677
"039","8am",11.2645807,78.85537,9.880051
"040","8am",10.9877761,73.71426,15.297967
"041","8am",5.2330351,79.81729,14.949677
"042","8am",6.0812802,75.89226,18.026457
"043","8am",8.2584409,79.40904,12.332519
"044","8am",8.9572095,56.53726,34.505526
"045","8am",8.5759184,69.40159,22.02249
"046","8am",5.4200737,66.45051,28.129416
"047","8am",1.786976,73.08953,25.123492
"048","8am",1.8514534,86.26179,11.886752
"049","8am",0.7632626,76.59346,22.643276
"050","8am",2.4987486,78.30231,19.198941
"051","8am",3.005879,80.00395,16.990174
"052","8am",0,84.31894,15.681058
"053","8am",0,72.80939,27.190611
"054","8am",2.400974,83.975,13.624024
"055","8am",1.2378408,76.43673,22.325424
"056","8am",3.3251527,58.77008,37.904771
"057","8am",3.3960109,81.89581,14.708179
"058","8am",1.6410247,81.38336,16.975612
"059","8am",0.9578159,66.24588,32.796302
"060","8am",13.3350608,60.82201,25.842929
"061","8am",0,76.40982,23.590175
"062","8am",1.5561829,81.19048,17.253341
"063","8am",1.7255626,80.85124,17.423199
"064","8am",0,64.4092,35.590803
"065","8am",4.7182238,59.44036,35.841416
"066","8am",0,69.23703,30.762968
"067","8am",0,74.87773,25.122265
"068","8am",0,66.34785,33.652151
"069","8am",0.5482575,70.55019,28.901552
"070","8am",1.3459405,69.61658,29.03748
"071","8am",1.7513311,72.26956,25.979104
"072","8am",0.4978131,75.97261,23.529577
"073","8am",3.1902155,44.1595,52.650283
"074","8am",6.5617588,63.50876,29.92948
"075","8am",13.4981968,72.62238,13.879421
"076","8am",3.8035073,63.73475,32.46174
"077","8am",0,55.564,44.435998
"078","8am",3.3137387,72.8126,23.873666
"079","8am",6.5436524,63.41836,30.037988
"080","8am",1.5165537,60.9879,37.495549
"001","9am",28.6942593,19.50714,51.798603
"002","9am",28.9464015,21.33001,49.723592
"003","9am",32.4115535,22.7969,44.791542
"004","9am",13.7771884,44.1182,42.10461
"005","9am",13.2489129,34.2654,52.485686
"006","9am",28.1216753,30.02081,41.857513
"007","9am",23.5314539,30.79546,45.673091
"008","9am",12.9211119,55.55038,31.528509
"009","9am",31.968207,41.4749,26.556888
"010","9am",26.4704883,42.57674,30.952772
"011","9am",13.7545431,69.69222,16.553235
"012","9am",18.3059664,41.82485,39.869186
"013","9am",8.9335045,68.49775,22.568746
"014","9am",11.8311679,59.95072,28.218113
"015","9am",21.0546909,56.28675,22.658557
"016","9am",18.2344083,59.01949,22.746102
"017","9am",26.3710451,49.00556,24.623393
"018","9am",14.3303508,52.43518,33.234472
"019","9am",19.7077719,57.86356,22.428665
"020","9am",17.6026667,37.74569,44.651642
"021","9am",19.7553945,58.96632,21.27829
"022","9am",22.1525564,58.94528,18.902165
"023","9am",15.7289796,71.83351,12.437514
"024","9am",14.2798455,59.01861,26.701545
"025","9am",32.5461039,36.97795,30.475948
"026","9am",17.9816913,54.9356,27.082712
"027","9am",6.6310546,82.86949,10.499451
"028","9am",21.9043374,56.62848,21.467184
"029","9am",10.833795,73.06338,16.102829
"030","9am",18.4019945,67.63497,13.96304
"031","9am",1.1557784,65.17677,33.667451
"032","9am",3.7396142,83.90357,12.35682
"033","9am",12.0266543,72.45964,15.513701
"034","9am",0,89.92638,10.073619
"035","9am",4.2590926,81.18587,14.555034
"036","9am",3.2616901,84.69073,12.047582
"037","9am",0,81.00011,18.999886
"038","9am",3.6261756,83.77542,12.598407
"039","9am",11.3073009,75.17137,13.521333
"040","9am",11.2152964,74.39772,14.386984
"041","9am",4.8091916,80.12122,15.069588
"042","9am",4.4607811,75.6829,19.856319
"043","9am",8.3217895,81.00672,10.671496
"044","9am",7.3167452,57.37141,35.31185
"045","9am",5.5092616,72.12243,22.368309
"046","9am",5.1750227,66.66468,28.160302
"047","9am",1.6591529,76.47141,21.86944
"048","9am",3.5509824,78.30414,18.144881
"049","9am",2.0872012,75.22477,22.688029
"050","9am",1.1500427,78.51782,20.332136
"051","9am",3.2690071,78.77158,17.959417
"052","9am",0,82.57908,17.420922
"053","9am",0,66.13458,33.865423
"054","9am",2.3407812,84.35731,13.301913
"055","9am",0,71.69372,28.306278
"056","9am",3.321375,59.45107,37.227557
"057","9am",2.0996602,80.89917,17.001172
"058","9am",2.2475878,78.94582,18.806587
"059","9am",1.8735228,64.52103,33.60545
"060","9am",13.4947312,65.26784,21.237427
"061","9am",0,72.31626,27.683744
"062","9am",1.7387665,74.69676,23.564473
"063","9am",2.1250628,79.34601,18.52893
"064","9am",0,65.22549,34.774511
"065","9am",5.5840931,61.01317,33.402734
"066","9am",0,67.70079,32.299209
"067","9am",0.7200307,72.81178,26.468194
"068","9am",0,67.17832,32.821677
"069","9am",0,76.36788,23.632122
"070","9am",1.2907893,70.36563,28.343582
"071","9am",2.695048,71.57198,25.732968
"072","9am",0.4708581,73.7,25.829144
"073","9am",2.4661521,44.73052,52.803325
"074","9am",8.1576833,66.57611,25.266209
"075","9am",14.1107311,76.13131,9.757954
"076","9am",3.9469222,63.07096,32.982116
"077","9am",0,55.15108,44.84892
"078","9am",3.6345909,71.5861,24.779314
"079","9am",7.3118672,62.6704,30.017731
"080","9am",1.4373609,64.65047,33.912168
"001","10am",28.1618782,19.13437,52.70375
"002","10am",32.4365404,22.01819,45.545266
"003","10am",29.9761435,24.30222,45.72164
"004","10am",11.1267717,44.16028,44.712953
"005","10am",13.2916974,33.06789,53.640417
"006","10am",25.6990143,30.82745,43.473533
"007","10am",26.5134335,29.76728,43.719291
"008","10am",12.6877096,60.12213,27.190161
"009","10am",31.1086268,39.77254,29.118828
"010","10am",22.5347586,48.4686,28.99664
"011","10am",11.7612535,71.33044,16.908309
"012","10am",18.2268471,43.44958,38.323572
"013","10am",8.7131775,68.74953,22.537291
"014","10am",12.240776,61.03703,26.72219
"015","10am",17.9424129,57.97201,24.085578
"016","10am",16.3249885,57.95351,25.7215
"017","10am",25.4595951,49.45616,25.084242
"018","10am",13.1752738,51.90259,34.922138
"019","10am",19.6976343,55.12473,25.177635
"020","10am",24.5401674,33.94935,41.510485
"021","10am",20.2468827,53.52854,26.224574
"022","10am",21.6074887,60.17415,18.218365
"023","10am",18.3362882,69.75377,11.909944
"024","10am",19.7137055,58.48576,21.800536
"025","10am",35.1380706,34.61528,30.246645
"026","10am",15.8069878,57.29634,26.896667
"027","10am",6.9868854,83.12418,9.888936
"028","10am",25.6144277,55.8683,18.517274
"029","10am",11.3909123,70.35754,18.251549
"030","10am",15.1992434,68.13916,16.661601
"031","10am",1.1781731,63.85236,34.96947
"032","10am",2.9014228,84.73573,12.362851
"033","10am",11.7946407,74.60361,13.60175
"034","10am",0,89.05821,10.941788
"035","10am",5.662269,80.44961,13.888126
"036","10am",3.0418784,83.317,13.641123
"037","10am",0,83.78638,16.213622
"038","10am",3.8681695,85.29588,10.835954
"039","10am",10.980059,77.07707,11.94287
"040","10am",10.5979694,71.78774,17.614294
"041","10am",5.3600335,78.35865,16.281313
"042","10am",4.6614043,77.87019,17.468403
"043","10am",9.2809895,81.29586,9.423146
"044","10am",5.4255429,58.04666,36.527799
"045","10am",5.0523405,69.38687,25.560789
"046","10am",5.0426674,64.08388,30.873455
"047","10am",1.5811976,72.45503,25.963773
"048","10am",1.5349287,83.61309,14.85198
"049","10am",2.1583287,75.92938,21.912291
"050","10am",1.1355211,78.78908,20.075402
"051","10am",1.4960674,77.81919,20.684745
"052","10am",0,80.8512,19.148803
"053","10am",0,70.34535,29.65465
"054","10am",2.7011291,81.23657,16.062305
"055","10am",0,70.85201,29.147995
"056","10am",2.9727717,55.7261,41.301127
"057","10am",0,82.77065,17.229345
"058","10am",2.0138378,78.37638,19.609779
"059","10am",1.9930986,64.76838,33.238521
"060","10am",13.0003015,66.84884,20.150856
"061","10am",0,74.34013,25.659865
"062","10am",1.7603297,74.68323,23.556441
"063","10am",2.170502,79.95581,17.87369
"064","10am",2.4423505,59.77502,37.782633
"065","10am",7.1528659,60.12695,32.720183
"066","10am",0,64.85418,35.145824
"067","10am",0.7184887,65.67905,33.602458
"068","10am",0,69.98244,30.017565
"069","10am",0,77.34057,22.659426
"070","10am",1.2164872,72.07148,26.712032
"071","10am",2.711281,66.96136,30.32736
"072","10am",0.488561,78.34698,21.164458
"073","10am",2.443464,45.64961,51.906927
"074","10am",7.8507859,68.97175,23.177469
"075","10am",13.6284554,75.74742,10.624121
"076","10am",5.214547,63.08518,31.700269
"077","10am",0,55.5609,44.439097
"078","10am",3.3899129,75.09066,21.519425
"079","10am",7.3289961,60.07863,32.592377
"080","10am",1.3772203,65.11281,33.509968
"001","11am",26.2383588,16.31984,57.441803
"002","11am",32.1643647,20.31675,47.518886
"003","11am",27.3012645,23.98453,48.714202
"004","11am",12.3171149,39.17101,48.511879
"005","11am",13.3807736,35.05489,51.564335
"006","11am",26.2706738,35.04759,38.681733
"007","11am",24.3014072,29.01599,46.6826
"008","11am",10.4241828,60.08538,29.490433
"009","11am",30.7166794,39.41868,29.864643
"010","11am",19.1768847,50.73596,30.087155
"011","11am",11.3466426,69.258,19.395358
"012","11am",19.1861654,46.03916,34.77467
"013","11am",8.7303001,67.88455,23.38515
"014","11am",6.9991185,62.83892,30.161964
"015","11am",20.0703167,54.96804,24.961647
"016","11am",18.3837603,63.77796,17.838283
"017","11am",25.3645358,48.23651,26.398954
"018","11am",13.7788908,48.48163,37.739476
"019","11am",18.9477643,58.89343,22.158805
"020","11am",19.5126356,32.30847,48.178898
"021","11am",15.5752747,57.34237,27.082359
"022","11am",21.7099595,55.01094,23.279097
"023","11am",17.9358642,69.3288,12.735341
"024","11am",18.3632594,52.73173,28.905014
"025","11am",33.4171778,35.77732,30.805504
"026","11am",18.0081179,49.27413,32.717752
"027","11am",6.8443753,83.87313,9.282495
"028","11am",27.8117454,53.43769,18.750562
"029","11am",10.9305346,72.30644,16.763023
"030","11am",16.525827,67.58592,15.888256
"031","11am",1.0743438,63.23197,35.693682
"032","11am",3.205354,84.28338,12.511268
"033","11am",12.8733033,73.30702,13.819673
"034","11am",0,88.93945,11.060551
"035","11am",7.7943532,78.42803,13.777612
"036","11am",3.0563825,84.53028,12.41334
"037","11am",0,83.15857,16.841427
"038","11am",3.9514075,83.1828,12.865788
"039","11am",11.734391,76.04276,12.222854
"040","11am",10.982424,68.92737,20.090208
"041","11am",5.2244577,79.54395,15.231596
"042","11am",4.5625528,76.73656,18.700884
"043","11am",11.9183848,76.07141,12.010204
"044","11am",4.8570562,62.98057,32.162376
"045","11am",2.7233162,72.77404,24.502642
"046","11am",4.8981808,66.27272,28.829102
"047","11am",0,78.28763,21.712371
"048","11am",2.7725403,82.58835,14.639106
"049","11am",2.1330517,80.07173,17.79522
"050","11am",1.0323687,71.49696,27.470672
"051","11am",1.4049132,80.50779,18.087298
"052","11am",0,80.80714,19.192863
"053","11am",1.310937,75.0591,23.629967
"054","11am",2.6528693,83.24353,14.103596
"055","11am",0,71.4717,28.528296
"056","11am",3.4887119,56.82314,39.688149
"057","11am",0.9639573,79.46905,19.566988
"058","11am",1.8054923,79.76596,18.428544
"059","11am",1.1514447,58.94688,39.901675
"060","11am",12.5034954,64.89563,22.600874
"061","11am",0,75.79014,24.20986
"062","11am",1.6119431,78.83923,19.548822
"063","11am",1.9044368,81.69596,16.399599
"064","11am",2.3384421,65.09627,32.565292
"065","11am",7.5001997,58.62821,33.871591
"066","11am",0,68.50712,31.492883
"067","11am",0.7712985,63.98996,35.238745
"068","11am",0,66.97293,33.02707
"069","11am",1.3066898,75.58329,23.110023
"070","11am",1.2135514,68.41398,30.372471
"071","11am",1.8195794,66.03871,32.14171
"072","11am",1.4640053,78.63831,19.897684
"073","11am",4.2028326,41.37361,54.423555
"074","11am",7.677944,67.70791,24.614146
"075","11am",13.8373831,71.48523,14.677382
"076","11am",5.3420814,62.17705,32.480867
"077","11am",0,62.25272,37.747281
"078","11am",3.5464666,73.69541,22.758127
"079","11am",7.6569754,59.8175,32.525529
"080","11am",1.4094277,61.23484,37.35573
"001","12am",18.8387896,14.42648,66.73473
"002","12am",31.2780291,16.71395,52.00803
"003","12am",20.9603273,21.89118,57.14849
"004","12am",9.4940505,44.01435,46.4916
"005","12am",16.158145,25.63911,58.20275
"006","12am",23.0210932,30.71869,46.26022
"007","12am",17.710514,26.84492,55.44456
"008","12am",10.8223331,61.65243,27.52524
"009","12am",27.6126423,33.90557,38.48178
"010","12am",8.9427421,52.64983,38.40742
"011","12am",10.9840292,61.40089,27.61508
"012","12am",18.8599601,49.04684,32.0932
"013","12am",9.0515559,67.10848,23.83997
"014","12am",4.6176691,67.13014,28.2522
"015","12am",16.8402048,58.33757,24.82223
"016","12am",19.0279219,65.57725,15.39483
"017","12am",27.477037,47.9375,24.58546
"018","12am",14.2662789,48.28135,37.45237
"019","12am",19.266628,56.33034,24.40303
"020","12am",25.9135463,31.81552,42.27093
"021","12am",18.8438898,53.69105,27.46506
"022","12am",20.9050315,52.46877,26.6262
"023","12am",14.9273665,69.91328,15.15935
"024","12am",19.6639975,53.42451,26.91149
"025","12am",31.4869361,32.25463,36.25843
"026","12am",14.1733419,54.28758,31.53908
"027","12am",6.2057191,75.53922,18.25506
"028","12am",27.6619609,42.01351,30.32453
"029","12am",6.217954,76.46998,17.31206
"030","12am",15.552994,69.09537,15.35163
"031","12am",1.6029283,64.14391,34.25317
"032","12am",3.1410713,76.96585,19.89308
"033","12am",8.6837055,73.23932,18.07697
"034","12am",0,86.30725,13.69275
"035","12am",9.3525393,70.20449,20.44297
"036","12am",3.6745415,84.22107,12.10439
"037","12am",1.0371915,81.78864,17.17417
"038","12am",5.4580877,83.13497,11.40694
"039","12am",7.8439705,76.43847,15.71756
"040","12am",8.3857148,73.77951,17.83477
"041","12am",9.0340197,73.47057,17.49541
"042","12am",4.9575186,74.63136,20.41112
"043","12am",6.6659338,76.45759,16.87648
"044","12am",5.0599216,65.19786,29.74222
"045","12am",6.8635895,67.294,25.84241
"046","12am",4.5871807,73.17222,22.2406
"047","12am",0,77.51756,22.48244
"048","12am",2.3973632,84.94448,12.65816
"049","12am",1.8078993,80.90003,17.29207
"050","12am",0.9414895,70.24503,28.81348
"051","12am",3.5758576,79.4746,16.94954
"052","12am",1.2436372,77.79677,20.95959
"053","12am",1.1974403,75.52496,23.2776
"054","12am",2.3302526,85.2813,12.38845
"055","12am",1.5781443,70.7849,27.63695
"056","12am",3.5636525,54.28537,42.15098
"057","12am",3.6355652,74.76831,21.59613
"058","12am",2.4710166,78.78538,18.7436
"059","12am",1.1863221,59.96773,38.84595
"060","12am",10.1468046,65.36246,24.49074
"061","12am",0,77.36457,22.63543
"062","12am",1.4597025,80.07663,18.46366
"063","12am",0,86.93462,13.06538
"064","12am",2.1316192,69.4035,28.46488
"065","12am",7.2219403,61.93483,30.84323
"066","12am",0,74.93928,25.06072
"067","12am",1.179711,71.82832,26.99196
"068","12am",0,65.54642,34.45358
"069","12am",1.982853,74.8952,23.12195
"070","12am",2.164977,69.98975,27.84527
"071","12am",0.8737035,69.53658,29.58972
"072","12am",1.3400842,80.75498,17.90493
"073","12am",4.1374235,35.06897,60.79361
"074","12am",5.5399477,69.73996,24.72009
"075","12am",12.5148687,71.75515,15.72999
"076","12am",4.8167756,65.89632,29.28691
"077","12am",0,61.29229,38.70771
"078","12am",1.9286248,74.49906,23.57232
"079","12am",5.8749295,61.82807,32.29701
"080","12am",0.7305218,63.71908,35.5504
"001","1pm",14.6457211,14.52651,70.82777
"002","1pm",28.3003424,16.39378,55.30588
"003","1pm",24.5175676,20.55908,54.92335
"004","1pm",8.261806,45.33639,46.4018
"005","1pm",17.8507101,27.07177,55.07752
"006","1pm",21.7080781,29.40105,48.89087
"007","1pm",18.4268817,33.21133,48.36179
"008","1pm",12.7807318,58.80669,28.41258
"009","1pm",27.8987092,32.56641,39.53488
"010","1pm",8.7704301,53.69228,37.53729
"011","1pm",13.4583668,61.9175,24.62413
"012","1pm",20.467467,46.9752,32.55733
"013","1pm",10.2508388,67.62423,22.12493
"014","1pm",10.035729,63.98471,25.97956
"015","1pm",17.0027785,59.68482,23.31241
"016","1pm",16.6624014,68.76263,14.57497
"017","1pm",30.6886809,46.9231,22.38822
"018","1pm",15.7796591,48.71389,35.50645
"019","1pm",17.9069576,57.95619,24.13685
"020","1pm",26.0159926,31.44522,42.53879
"021","1pm",12.472704,52.6209,34.9064
"022","1pm",21.4808454,55.64436,22.87479
"023","1pm",14.1392679,71.067,14.79373
"024","1pm",18.2779644,55.07323,26.6488
"025","1pm",30.3651539,32.17088,37.46397
"026","1pm",17.1189301,50.68008,32.20099
"027","1pm",6.2184431,76.26316,17.51839
"028","1pm",26.1196599,43.63026,30.25008
"029","1pm",6.6323444,75.06021,18.30745
"030","1pm",17.4164649,68.78486,13.79868
"031","1pm",1.2311642,60.37208,38.39676
"032","1pm",2.954845,78.82929,18.21586
"033","1pm",11.9326136,70.9757,17.09169
"034","1pm",0,89.66369,10.33631
"035","1pm",7.2230184,74.70191,18.07507
"036","1pm",4.7436481,82.68858,12.56777
"037","1pm",1.0413519,80.8389,18.11975
"038","1pm",7.9033271,81.25806,10.83861
"039","1pm",10.9400299,77.48379,11.57618
"040","1pm",8.972577,70.34102,20.6864
"041","1pm",9.6241266,70.73758,19.63829
"042","1pm",1.0552042,78.98887,19.95593
"043","1pm",6.4769313,74.47481,19.04826
"044","1pm",4.3239606,68.50929,27.16675
"045","1pm",6.5061885,71.84353,21.65028
"046","1pm",0,76.52692,23.47308
"047","1pm",0,78.26287,21.73713
"048","1pm",2.8157765,81.17519,16.00903
"049","1pm",1.7853136,79.10956,19.10512
"050","1pm",0,68.65577,31.34423
"051","1pm",3.7630105,77.84399,18.393
"052","1pm",1.3079793,76.64804,22.04398
"053","1pm",1.4406179,73.60895,24.95043
"054","1pm",2.3173843,86.08711,11.59551
"055","1pm",1.5375603,67.82722,30.63522
"056","1pm",2.3409393,57.51182,40.14724
"057","1pm",5.6143815,71.31089,23.07473
"058","1pm",2.607396,78.64865,18.74396
"059","1pm",4.3675542,64.97615,30.65629
"060","1pm",10.9022886,60.14902,28.94869
"061","1pm",0,77.17601,22.82399
"062","1pm",0,83.23681,16.76319
"063","1pm",0,85.20582,14.79418
"064","1pm",2.2740206,65.57353,32.15245
"065","1pm",7.1936116,64.41971,28.38667
"066","1pm",0,72.28472,27.71528
"067","1pm",1.3104543,68.79279,29.89675
"068","1pm",0,65.48286,34.51714
"069","1pm",3.6323481,76.16634,20.20131
"070","1pm",4.3804248,66.98652,28.63306
"071","1pm",0.8626784,71.94172,27.1956
"072","1pm",1.4570512,81.372,17.17095
"073","1pm",4.5937353,32.26342,63.14285
"074","1pm",7.3360785,65.17693,27.48699
"075","1pm",7.6005609,77.54628,14.85316
"076","1pm",4.6770374,66.88569,28.43727
"077","1pm",0,62.75913,37.24087
"078","1pm",1.8394646,75.16416,22.99638
"079","1pm",4.1389788,62.01165,33.84937
"080","1pm",0.7275746,64.762,34.51043
"001","2pm",12.7546127,14.65611,72.589282
"002","2pm",29.1140236,15.93424,54.951737
"003","2pm",25.4109767,19.58586,55.003165
"004","2pm",5.6847723,46.07561,48.239621
"005","2pm",15.140511,31.71452,53.144973
"006","2pm",21.9430321,31.36694,46.690031
"007","2pm",23.8639673,29.40709,46.728943
"008","2pm",14.8037601,58.4803,26.715941
"009","2pm",27.4510249,33.33241,39.216565
"010","2pm",18.5948859,46.53411,34.871005
"011","2pm",12.1847551,64.69298,23.122262
"012","2pm",18.0440413,49.19585,32.760113
"013","2pm",10.00816,68.35409,21.637747
"014","2pm",11.2758352,65.30995,23.414215
"015","2pm",15.6819917,58.77981,25.538194
"016","2pm",19.2524683,64.61964,16.127888
"017","2pm",29.6260479,47.00391,23.370041
"018","2pm",17.8540046,49.3171,32.828893
"019","2pm",18.1197374,58.38757,23.492696
"020","2pm",24.274877,35.21909,40.506031
"021","2pm",15.9650316,54.7446,29.290373
"022","2pm",22.8249279,55.41287,21.762198
"023","2pm",14.7283217,69.97526,15.29642
"024","2pm",20.3390609,54.81469,24.846253
"025","2pm",29.6804618,29.95706,40.362478
"026","2pm",19.1814398,49.6195,31.199056
"027","2pm",6.9280585,75.4068,17.665144
"028","2pm",24.2915841,48.30435,27.404066
"029","2pm",7.2668341,75.75488,16.978288
"030","2pm",16.5153629,72.35714,11.127494
"031","2pm",1.2772675,62.47046,36.252277
"032","2pm",2.7800014,79.33084,17.889155
"033","2pm",10.1887534,71.95959,17.851657
"034","2pm",0,88.87826,11.12174
"035","2pm",6.1437153,75.64905,18.207239
"036","2pm",2.6785663,85.08118,12.240249
"037","2pm",1.0584722,79.66752,19.274008
"038","2pm",5.9300068,84.62696,9.443031
"039","2pm",10.7437009,78.01466,11.241643
"040","2pm",9.3204704,68.36599,22.313538
"041","2pm",8.4820035,75.44222,16.075781
"042","2pm",3.4035479,75.39011,21.206346
"043","2pm",4.1551114,79.54216,16.302725
"044","2pm",4.8516799,63.73951,31.408814
"045","2pm",9.1908461,71.27919,19.529964
"046","2pm",0,76.89017,23.109831
"047","2pm",0,79.34906,20.650941
"048","2pm",2.8752327,77.82973,19.29504
"049","2pm",1.2873545,83.03424,15.678403
"050","2pm",0,71.9526,28.047399
"051","2pm",4.2615217,76.92008,18.818396
"052","2pm",1.2872653,75.15676,23.555977
"053","2pm",0,73.61936,26.380645
"054","2pm",2.347215,86.8849,10.767888
"055","2pm",1.2055893,65.79427,33.000138
"056","2pm",2.9764041,61.09892,35.924673
"057","2pm",5.7540608,68.51554,25.730396
"058","2pm",0.8603187,78.18885,20.950829
"059","2pm",3.8964061,68.81079,27.292808
"060","2pm",11.5695215,58.52216,29.908319
"061","2pm",0,74.74278,25.257224
"062","2pm",0,84.33868,15.66132
"063","2pm",0,87.15649,12.84351
"064","2pm",2.2969706,61.24545,36.457576
"065","2pm",7.2557873,66.12533,26.618881
"066","2pm",0,69.34569,30.654306
"067","2pm",0.6304076,69.40029,29.969297
"068","2pm",0,61.11887,38.881127
"069","2pm",5.9959479,71.10153,22.902525
"070","2pm",1.233948,70.80627,27.959779
"071","2pm",0.9793982,71.64609,27.374516
"072","2pm",1.5019424,79.38162,19.116435
"073","2pm",2.8539516,36.88403,60.262022
"074","2pm",6.5751217,65.83577,27.589113
"075","2pm",11.0041003,70.46407,18.531829
"076","2pm",1.1345493,68.16897,30.696482
"077","2pm",0,60.46955,39.530452
"078","2pm",1.8292434,76.7241,21.446655
"079","2pm",4.096779,61.89416,34.009059
"080","2pm",0,67.91238,32.087619
"001","3pm",13.6413979,14.57857,71.780032
"002","3pm",29.8592478,13.99436,56.146391
"003","3pm",21.9591835,20.80633,57.234489
"004","3pm",5.339265,45.83918,48.821553
"005","3pm",15.2475602,31.32123,53.431207
"006","3pm",21.9366391,30.69477,47.368589
"007","3pm",26.3003319,33.87716,39.822506
"008","3pm",7.3676326,66.16713,26.465238
"009","3pm",24.5677901,33.97693,41.455278
"010","3pm",15.7970832,49.55026,34.652652
"011","3pm",19.120681,62.54606,18.333254
"012","3pm",19.7283213,45.2133,35.058375
"013","3pm",12.4947484,64.92487,22.580385
"014","3pm",12.1415602,64.24561,23.612834
"015","3pm",11.4291994,56.32365,32.247146
"016","3pm",20.6098598,64.16386,15.226279
"017","3pm",25.873662,50.22889,23.897444
"018","3pm",16.7758445,49.05515,34.169003
"019","3pm",17.3784754,59.48924,23.132286
"020","3pm",23.6274026,38.52414,37.848453
"021","3pm",18.8017888,49.48895,31.709262
"022","3pm",22.8721137,55.6098,21.518088
"023","3pm",13.3080143,70.22501,16.466975
"024","3pm",22.4139851,52.31079,25.275226
"025","3pm",29.368958,31.75993,38.871114
"026","3pm",17.854971,53.13838,29.00665
"027","3pm",7.9338485,74.58678,17.479376
"028","3pm",25.2594355,48.17831,26.562253
"029","3pm",10.736936,72.68458,16.578487
"030","3pm",16.9026343,69.68559,13.41178
"031","3pm",1.3125154,62.97253,35.71495
"032","3pm",2.6216494,80.01557,17.362786
"033","3pm",12.8771815,70.27347,16.849346
"034","3pm",0,89.14989,10.850114
"035","3pm",6.4001158,75.6726,17.927289
"036","3pm",1.7199848,84.9035,13.376516
"037","3pm",1.1260165,76.15055,22.723435
"038","3pm",4.9506246,85.0896,9.959777
"039","3pm",7.9084207,79.20408,12.887503
"040","3pm",7.9001407,71.83535,20.264508
"041","3pm",7.4791296,75.58643,16.934443
"042","3pm",5.1778011,73.39841,21.423791
"043","3pm",5.6281896,74.34407,20.027737
"044","3pm",5.3508859,63.55991,31.0892
"045","3pm",15.159513,57.19055,27.649934
"046","3pm",0,75.84349,24.15651
"047","3pm",0,78.82361,21.176394
"048","3pm",2.0236071,78.53996,19.436438
"049","3pm",2.3533324,81.52042,16.126245
"050","3pm",1.0744947,69.26991,29.655594
"051","3pm",4.1190634,79.13612,16.744821
"052","3pm",1.2164693,78.49598,20.287548
"053","3pm",0,73.61412,26.385883
"054","3pm",3.5546532,84.86268,11.582666
"055","3pm",2.5430456,62.21386,35.243094
"056","3pm",2.9490737,62.36657,34.684359
"057","3pm",5.6045937,69.25304,25.142364
"058","3pm",0.7362672,80.75618,18.507554
"059","3pm",3.8861152,70.12306,25.990822
"060","3pm",11.3402235,64.58983,24.069949
"061","3pm",0,72.03695,27.963046
"062","3pm",0,83.41898,16.581025
"063","3pm",0,85.26951,14.73049
"064","3pm",4.6559159,60.17733,35.166756
"065","3pm",7.0200565,61.82659,31.153358
"066","3pm",1.0854604,70.17087,28.743671
"067","3pm",0.6559102,73.64772,25.696372
"068","3pm",0,60.81929,39.180709
"069","3pm",2.4571312,70.52686,27.016007
"070","3pm",0.5568973,73.25626,26.186848
"071","3pm",0.9733636,74.8848,24.141832
"072","3pm",0.5370731,77.70394,21.758984
"073","3pm",7.5141915,29.5373,62.948509
"074","3pm",7.139753,62.5434,30.316844
"075","3pm",10.2578034,72.21966,17.522534
"076","3pm",1.0975575,67.1434,31.759038
"077","3pm",0,57.62411,42.37589
"078","3pm",1.8287847,75.26473,22.90649
"079","3pm",4.0222168,62.96759,33.010193
"080","3pm",0,67.61935,32.380654
