"district","hour","resarea1","resarea2","resarea3"
"001","4am",0,1.6105082,98.3894918
"002","4am",0,0,100
"003","4am",0,1.2023446,98.7976554
"004","4am",1.6334685,0,98.3665315
"005","4am",0.8074026,4.0642685,95.1283288
"006","4am",0.2548876,0.4571565,99.2879559
"007","4am",0,1.3490481,98.6509519
"008","4am",0,0,100
"009","4am",1.2022382,0,98.7977618
"010","4am",0.5404964,0,99.4595036
"011","4am",0,0.3609003,99.6390997
"012","4am",0,0.3241081,99.6758919
"013","4am",0.7571278,2.4962125,96.7466597
"014","4am",0.324626,0,99.675374
"015","4am",0.4500342,0,99.5499658
"016","4am",0,0,100
"017","4am",0,0,100
"018","4am",0,0,100
"019","4am",1.6977834,0,98.3022166
"020","4am",0,0,100
"021","4am",0,0,100
"022","4am",0.8540434,1.1102703,98.0356863
"023","4am",0,0,100
"024","4am",0,0,100
"025","4am",0.5701551,0,99.4298449
"026","4am",0.7381681,0.4898507,98.7719813
"027","4am",1.885964,0.8602899,97.2537461
"028","4am",0,0,100
"029","4am",0,99.1825816,0.8174184
"030","4am",0,98.1423404,1.8576596
"031","4am",100,0,0
"032","4am",99.3485363,0,0.6514637
"033","4am",0,98.2297248,1.7702752
"034","4am",0,100,0
"035","4am",1.2086064,98.7913936,0
"036","4am",0,97.6419939,2.3580061
"037","4am",0,98.1762593,1.8237407
"038","4am",0,100,0
"039","4am",0,99.2743213,0.7256787
"040","4am",0,98.7656737,1.2343263
"041","4am",0,98.2408461,1.7591539
"042","4am",0,100,0
"043","4am",0.7084736,99.2915264,0
"044","4am",100,0,0
"045","4am",0.6863426,99.3136574,0
"046","4am",0,100,0
"047","4am",0.5434946,96.5345574,2.9219479
"048","4am",100,0,0
"049","4am",100,0,0
"050","4am",98.1952082,1.8047918,0
"051","4am",0,100,0
"052","4am",99.686826,0,0.313174
"053","4am",100,0,0
"054","4am",99.3188009,0,0.6811991
"055","4am",100,0,0
"056","4am",0,99.2744423,0.7255577
"057","4am",1.1779734,98.8220266,0
"058","4am",0,100,0
"059","4am",0,100,0
"060","4am",0,100,0
"061","4am",100,0,0
"062","4am",99.1210953,0.8789047,0
"063","4am",100,0,0
"064","4am",100,0,0
"065","4am",99.3350241,0,0.6649759
"066","4am",98.3757972,1.0001035,0.6240993
"067","4am",98.4163272,1.2406164,0.3430564
"068","4am",99.1944093,0.8055907,0
"069","4am",100,0,0
"070","4am",0,100,0
"071","4am",0,100,0
"072","4am",0.8535446,99.1464554,0
"073","4am",0,99.1593298,0.8406702
"074","4am",1.1803249,98.0438465,0.7758287
"075","4am",1.3316755,98.6683245,0
"076","4am",0,100,0
"077","4am",100,0,0
"078","4am",100,0,0
"079","4am",100,0,0
"080","4am",99.4070561,0,0.5929439
"001","5am",1.2048251,1.5869822,97.2081927
"002","5am",0,0.988467,99.011533
"003","5am",0,1.6073146,98.3926854
"004","5am",1.6422136,0,98.3577864
"005","5am",0.8074026,4.0642685,95.1283288
"006","5am",0.2548876,0.4571565,99.2879559
"007","5am",0,1.6537446,98.3462554
"008","5am",0,0,100
"009","5am",1.1535785,2.6043534,96.242068
"010","5am",0.5521154,0,99.4478846
"011","5am",0.2955969,1.7958652,97.9085379
"012","5am",0,0.3291116,99.6708884
"013","5am",0.7350141,4.1174103,95.1475756
"014","5am",0,0,100
"015","5am",0.4541262,0,99.5458738
"016","5am",0,0,100
"017","5am",0.7164368,0,99.2835632
"018","5am",0,0,100
"019","5am",1.6977834,0,98.3022166
"020","5am",0,0,100
"021","5am",0,0,100
"022","5am",0.8442441,1.4539741,97.7017818
"023","5am",3.7148409,0.4697445,95.8154145
"024","5am",0,1.0179498,98.9820502
"025","5am",0.5668507,0,99.4331493
"026","5am",0.7381681,0.4898507,98.7719813
"027","5am",1.9189305,0.8753277,97.2057417
"028","5am",0,0,100
"029","5am",0.2394825,96.4997851,3.2607324
"030","5am",0,98.1423404,1.8576596
"031","5am",100,0,0
"032","5am",98.3719429,0.9805818,0.6474753
"033","5am",0,97.8779362,2.1220638
"034","5am",0,97.9779023,2.0220977
"035","5am",1.6755186,96.690993,1.6334885
"036","5am",0.9300207,96.7339031,2.3360762
"037","5am",0.4018172,96.6645423,2.9336406
"038","5am",0,99.2276423,0.7723577
"039","5am",0,98.4295479,1.5704521
"040","5am",0,98.2712233,1.7287767
"041","5am",0,98.2408461,1.7591539
"042","5am",0,100,0
"043","5am",0.7054582,99.2945418,0
"044","5am",100,0,0
"045","5am",0.6955872,99.3044128,0
"046","5am",0,100,0
"047","5am",0,96.948824,3.051176
"048","5am",100,0,0
"049","5am",99.4551229,0,0.5448771
"050","5am",98.1848542,1.8151458,0
"051","5am",0,100,0
"052","5am",99.6847763,0,0.3152237
"053","5am",100,0,0
"054","5am",98.8436607,0.4674757,0.6888636
"055","5am",100,0,0
"056","5am",0,99.2634484,0.7365516
"057","5am",2.9259477,97.0740523,0
"058","5am",0,100,0
"059","5am",0.2599683,99.7400317,0
"060","5am",0,100,0
"061","5am",100,0,0
"062","5am",99.1187842,0.8812158,0
"063","5am",100,0,0
"064","5am",100,0,0
"065","5am",99.3305603,0,0.6694397
"066","5am",98.3757972,1.0001035,0.6240993
"067","5am",98.368911,1.2777612,0.3533278
"068","5am",99.1733579,0.8266421,0
"069","5am",100,0,0
"070","5am",0,100,0
"071","5am",0,100,0
"072","5am",0.8710214,99.1289786,0
"073","5am",0,99.6925576,0.3074424
"074","5am",1.2111673,97.9927313,0.7961014
"075","5am",1.9684148,97.5971972,0.434388
"076","5am",0,100,0
"077","5am",100,0,0
"078","5am",100,0,0
"079","5am",100,0,0
"080","5am",99.3982234,0,0.6017766
"001","6am",1.1886024,2.4571376,96.35426
"002","6am",0,0.9984811,99.0015189
"003","6am",0.2153679,2.7496173,97.0350148
"004","6am",1.6643791,0,98.3356209
"005","6am",0.8150442,4.8487075,94.3362482
"006","6am",0,1.1988253,98.8011747
"007","6am",0,2.0021612,97.9978388
"008","6am",0,0,100
"009","6am",2.3552267,3.5920143,94.0527589
"010","6am",0.5619236,0,99.4380764
"011","6am",0.6070177,1.5226178,97.8703645
"012","6am",0,0.3332741,99.6667259
"013","6am",0.7035668,7.745543,91.5508902
"014","6am",1.6366661,0.1746343,98.1886996
"015","6am",0.4677864,0,99.5322136
"016","6am",0,2.2447264,97.7552736
"017","6am",0.7327878,0.5530903,98.7141219
"018","6am",0,0.3932614,99.6067386
"019","6am",3.0238693,0.408996,96.5671348
"020","6am",0,0,100
"021","6am",1.1146985,0,98.8853015
"022","6am",2.2012642,4.0248184,93.7739175
"023","6am",4.457123,1.7074872,93.8353898
"024","6am",0,1.0657779,98.9342221
"025","6am",1.1632168,0.6157131,98.22107
"026","6am",1.5074395,0.8822979,97.6102626
"027","6am",2.572069,1.3232169,96.1047142
"028","6am",0,1.0732858,98.9267142
"029","6am",0.8352515,95.3433795,3.821369
"030","6am",0,94.9801358,5.0198642
"031","6am",99.1110728,0,0.8889272
"032","6am",97.8468985,1.8800319,0.2730696
"033","6am",0,97.3147799,2.6852201
"034","6am",1.776209,96.1877304,2.0360606
"035","6am",4.9396013,90.1242926,4.9361061
"036","6am",2.9597072,93.4529055,3.5873873
"037","6am",0.9115272,95.227418,3.8610549
"038","6am",0.3573194,98.8388688,0.8038118
"039","6am",0,98.3741624,1.6258376
"040","6am",0,98.0370269,1.9629731
"041","6am",0,96.3654031,3.6345969
"042","6am",0,100,0
"043","6am",1.5523662,98.4476338,0
"044","6am",100,0,0
"045","6am",0.7170401,99.2829599,0
"046","6am",0,100,0
"047","6am",0.9077686,96.0005048,3.0917266
"048","6am",100,0,0
"049","6am",99.4315124,0,0.5684876
"050","6am",98.1654964,1.8345036,0
"051","6am",0,100,0
"052","6am",99.6592359,0,0.3407641
"053","6am",100,0,0
"054","6am",97.5128531,0.6668495,1.8202974
"055","6am",100,0,0
"056","6am",0,99.2634484,0.7365516
"057","6am",2.9820403,97.0179597,0
"058","6am",3.204345,96.795655,0
"059","6am",0.9482675,99.0517325,0
"060","6am",0,100,0
"061","6am",100,0,0
"062","6am",99.0650877,0.9349123,0
"063","6am",100,0,0
"064","6am",100,0,0
"065","6am",99.2890515,0,0.7109485
"066","6am",98.7148392,0.6191101,0.6660507
"067","6am",97.6166274,2.0327317,0.3506409
"068","6am",99.1554865,0.8445135,0
"069","6am",99.4095006,0.5904994,0
"070","6am",0.6491774,99.200673,0.1501496
"071","6am",0,100,0
"072","6am",0.8750615,99.1249385,0
"073","6am",0,99.6710989,0.3289011
"074","6am",3.0887749,96.1333744,0.7778507
"075","6am",1.9801125,97.6473335,0.3725541
"076","6am",0,100,0
"077","6am",100,0,0
"078","6am",100,0,0
"079","6am",100,0,0
"080","6am",99.3615306,0,0.6384694
"001","7am",1.0613794,6.5830979,92.3555228
"002","7am",0,4.222992,95.777008
"003","7am",2.6489528,7.528348,89.8226992
"004","7am",3.3965284,2.3339895,94.2694821
"005","7am",4.0737756,9.8093783,86.116846
"006","7am",3.0215361,4.6933848,92.2850791
"007","7am",0,3.2041153,96.7958847
"008","7am",0,0,100
"009","7am",10.1256431,11.098297,78.7760599
"010","7am",2.7508791,1.1260164,96.1231045
"011","7am",3.8818272,5.2009595,90.9172133
"012","7am",0,1.5914224,98.4085776
"013","7am",3.7043889,12.0500196,84.2455915
"014","7am",2.5163782,1.2124885,96.2711333
"015","7am",3.2761708,0,96.7238292
"016","7am",0,5.58067,94.41933
"017","7am",5.4287464,8.3350236,86.23623
"018","7am",1.6422171,2.4912886,95.8664943
"019","7am",8.5340112,11.7585106,79.7074782
"020","7am",2.5578503,0.7103865,96.7317631
"021","7am",2.5030201,0,97.4969799
"022","7am",5.8740226,7.2115026,86.9144748
"023","7am",5.9626188,9.0525813,84.9847998
"024","7am",4.3714871,3.9890259,91.639487
"025","7am",7.3831655,5.8540098,86.7628247
"026","7am",2.2823666,3.9874207,93.7302127
"027","7am",11.2378765,9.7793027,78.9828208
"028","7am",3.8176174,5.8549885,90.3273941
"029","7am",3.4176895,87.12993,9.4523805
"030","7am",1.8310017,88.3406192,9.828379
"031","7am",97.5758873,0.8419751,1.5821377
"032","7am",82.8504954,9.9266481,7.2228565
"033","7am",3.7770674,90.8185795,5.404353
"034","7am",4.7189747,83.5818443,11.699181
"035","7am",9.2190769,78.4069008,12.3740223
"036","7am",2.2247663,92.7438553,5.0313784
"037","7am",5.0209279,90.5477109,4.4313612
"038","7am",1.7007946,94.5420252,3.7571802
"039","7am",0,98.1165204,1.8834796
"040","7am",4.0709602,91.069781,4.8592588
"041","7am",2.6939261,92.0285386,5.2775353
"042","7am",1.4785523,96.4474042,2.0740435
"043","7am",2.0647279,94.523042,3.4122302
"044","7am",98.948551,0,1.051449
"045","7am",1.8256443,98.1743557,0
"046","7am",3.5635614,96.4364386,0
"047","7am",8.837183,85.0730215,6.0897955
"048","7am",96.0176101,3.9823899,0
"049","7am",97.3967532,0,2.6032468
"050","7am",97.88281,2.11719,0
"051","7am",0.4798964,99.5201036,0
"052","7am",99.0126461,0.5609387,0.4264153
"053","7am",100,0,0
"054","7am",89.4427606,6.378652,4.1785874
"055","7am",99.05726,0.94274,0
"056","7am",2.604518,96.9365688,0.4589132
"057","7am",3.7387661,96.2612339,0
"058","7am",6.1985584,93.8014416,0
"059","7am",1.8800368,96.7021587,1.4178045
"060","7am",13.9349645,84.1660463,1.8989893
"061","7am",97.2366776,1.9790557,0.7842668
"062","7am",98.2873691,1.7126309,0
"063","7am",94.9141808,4.5736262,0.5121931
"064","7am",100,0,0
"065","7am",97.6422787,0.9517496,1.4059718
"066","7am",98.4291421,0.7567411,0.8141168
"067","7am",94.7672083,4.5230233,0.7097684
"068","7am",98.0221674,1.9778326,0
"069","7am",95.4259216,1.6700333,2.9040451
"070","7am",2.9973381,96.548885,0.4537769
"071","7am",1.2778337,98.7221663,0
"072","7am",1.0041542,98.9958458,0
"073","7am",0.9638674,98.7220666,0.314066
"074","7am",4.9684632,93.7205105,1.3110263
"075","7am",4.9678608,94.4058671,0.6262722
"076","7am",2.5408532,97.4591468,0
"077","7am",100,0,0
"078","7am",98.7174984,0.8103403,0.4721613
"079","7am",99.3635216,0.6364784,0
"080","7am",98.2542207,1.0376015,0.7081778
"001","8am",5.3670682,11.2825006,83.3504311
"002","8am",1.0719949,17.0961589,81.8318462
"003","8am",5.1942795,12.6423914,82.1633291
"004","8am",6.0073642,5.2655753,88.7270605
"005","8am",5.9331868,10.6885629,83.3782502
"006","8am",4.9227977,8.3409544,86.7362479
"007","8am",2.2312132,5.586672,92.1821147
"008","8am",0,3.2234955,96.7765045
"009","8am",14.0419576,19.3233966,66.6346458
"010","8am",3.5682988,11.7838951,84.6478061
"011","8am",9.8305807,9.3566545,80.8127648
"012","8am",0,4.4265856,95.5734144
"013","8am",8.7808902,16.9386332,74.2804766
"014","8am",2.7712949,4.8851971,92.3435079
"015","8am",5.0766515,1.9434286,92.9799199
"016","8am",3.2948873,14.5386189,82.1664939
"017","8am",8.9442485,10.7294278,80.3263237
"018","8am",7.4302771,7.7845391,84.7851838
"019","8am",15.1951255,16.5415428,68.2633318
"020","8am",2.2276999,1.5641756,96.2081245
"021","8am",4.3494314,1.3144037,94.3361649
"022","8am",12.9915745,11.4567895,75.551636
"023","8am",11.9233447,18.766604,69.3100513
"024","8am",5.2847054,7.4931024,87.2221922
"025","8am",7.6511923,9.4030113,82.9457963
"026","8am",3.9236636,6.9638196,89.1125168
"027","8am",15.6114259,25.3804665,59.0081076
"028","8am",9.8383172,14.8932141,75.2684687
"029","8am",4.4825173,75.9985564,19.5189263
"030","8am",15.8869758,73.5651656,10.5478586
"031","8am",92.1532048,6.0585026,1.7882926
"032","8am",67.1772744,17.7088278,15.1138977
"033","8am",7.2774696,80.9392764,11.7832541
"034","8am",19.1852489,65.86548,14.9492711
"035","8am",12.8245236,66.342444,20.8330325
"036","8am",3.6233016,90.0274806,6.3492178
"037","8am",8.4360058,85.1251788,6.4388154
"038","8am",0.5047797,88.944206,10.5510143
"039","8am",9.6687076,84.2408861,6.0904063
"040","8am",11.4780597,77.7163862,10.8055541
"041","8am",11.4144688,74.072854,14.5126772
"042","8am",5.6026208,88.6708046,5.7265746
"043","8am",8.1930681,75.9090012,15.8979308
"044","8am",83.6080049,12.2998455,4.0921497
"045","8am",3.5325952,95.8433064,0.6240984
"046","8am",4.1996226,93.4925078,2.3078695
"047","8am",12.7294634,77.2497433,10.0207933
"048","8am",93.7766194,5.1765541,1.0468265
"049","8am",93.3896129,1.7251173,4.8852698
"050","8am",95.3563685,0,4.6436315
"051","8am",3.2024112,94.4121809,2.3854079
"052","8am",93.1143622,3.3798955,3.5057423
"053","8am",99.1199771,0,0.8800229
"054","8am",78.8125405,11.2589915,9.928468
"055","8am",93.4100568,3.8293286,2.7606146
"056","8am",3.896264,93.9072719,2.1964641
"057","8am",4.4793491,92.977906,2.5427449
"058","8am",7.5922427,92.4077573,0
"059","8am",4.6410877,92.9184761,2.4404362
"060","8am",17.8751929,79.644248,2.4805591
"061","8am",93.9782837,5.1031997,0.9185167
"062","8am",94.5741403,4.7764008,0.6494589
"063","8am",88.4636374,5.8336441,5.7027185
"064","8am",97.4232175,0,2.5767825
"065","8am",96.0414495,1.0542359,2.9043146
"066","8am",99.3216356,0.6783644,0
"067","8am",89.9978801,7.5269543,2.4751656
"068","8am",95.984079,2.9497175,1.0662035
"069","8am",87.7757092,5.6435084,6.5807824
"070","8am",8.3787536,91.1322342,0.4890122
"071","8am",2.4237731,96.8593602,0.7168666
"072","8am",2.4889854,95.7265891,1.7844254
"073","8am",1.8364381,97.8464451,0.3171168
"074","8am",6.843403,91.847762,1.308835
"075","8am",9.1962819,90.2147695,0.5889486
"076","8am",3.9717799,96.0282201,0
"077","8am",98.4727003,0.5077344,1.0195653
"078","8am",97.2156602,1.8530092,0.9313306
"079","8am",98.2733732,0.8280163,0.8986105
"080","8am",97.9813872,1.1997597,0.8188531
"001","9am",6.400638,16.1729494,77.4264128
"002","9am",9.410465,16.3882108,74.2013242
"003","9am",6.735099,12.5062566,80.758644
"004","9am",9.508537,6.2281112,84.2633523
"005","9am",6.237783,12.3227019,81.4395149
"006","9am",7.159149,10.8594352,81.9814157
"007","9am",5.508836,5.8596861,88.6314774
"008","9am",2.295128,6.0093083,91.695564
"009","9am",13.990233,20.2831529,65.726614
"010","9am",6.49779,13.846731,79.6554788
"011","9am",10.302062,9.6773551,80.0205827
"012","9am",0,4.1992989,95.8007011
"013","9am",10.191672,19.8801981,69.9281299
"014","9am",7.183729,6.4657083,86.3505628
"015","9am",6.119819,2.342771,91.5374096
"016","9am",3.598704,18.5540552,77.8472412
"017","9am",11.327908,14.3651187,74.3069732
"018","9am",10.467281,7.9665839,81.5661347
"019","9am",16.55695,16.6734679,66.7695816
"020","9am",1.703796,1.9088987,96.3873053
"021","9am",9.33389,1.4346855,89.2314249
"022","9am",14.215559,16.6744462,69.1099947
"023","9am",11.645173,22.9531646,65.4016625
"024","9am",5.550555,6.8661966,87.5832488
"025","9am",8.298128,11.6022087,80.0996632
"026","9am",4.360744,6.7277,88.9115557
"027","9am",20.24709,26.917656,52.8352542
"028","9am",13.287613,19.050863,67.6615244
"029","9am",5.762273,71.0308765,23.2068506
"030","9am",18.513388,70.7276151,10.7589967
"031","9am",90.256336,7.841386,1.9022776
"032","9am",61.753809,22.2252511,16.0209401
"033","9am",12.807267,73.6541439,13.5385888
"034","9am",18.241359,66.8266124,14.9320284
"035","9am",13.842673,63.312356,22.8449706
"036","9am",15.755123,75.4425725,8.8023047
"037","9am",10.334204,83.3449418,6.3208538
"038","9am",4.220534,79.4671731,16.3122926
"039","9am",8.143782,77.5636699,14.2925486
"040","9am",13.92772,74.949096,11.1231838
"041","9am",15.007751,69.7368095,15.2554398
"042","9am",8.675297,84.9859442,6.3387585
"043","9am",14.177223,69.229991,16.5927865
"044","9am",80.25623,9.4871241,10.2566456
"045","9am",3.431987,95.0743409,1.4936722
"046","9am",5.215301,92.2794004,2.5052989
"047","9am",17.714948,68.9649503,13.3201015
"048","9am",90.97492,5.6829007,3.3421795
"049","9am",92.346352,0.9232284,6.7304193
"050","9am",92.650559,0,7.3494407
"051","9am",3.446195,93.9868079,2.5669972
"052","9am",90.884323,4.0799507,5.0357268
"053","9am",98.98305,0,1.0169502
"054","9am",78.209349,12.2925076,9.498143
"055","9am",90.035069,4.4323834,5.532548
"056","9am",9.018377,88.7873397,2.1942836
"057","9am",7.41704,86.1498764,6.4330834
"058","9am",9.688366,90.3116338,0
"059","9am",6.871805,90.4496497,2.678545
"060","9am",20.537761,76.9380768,2.5241625
"061","9am",92.01876,7.0026751,0.9785653
"062","9am",92.74906,5.8209579,1.4299816
"063","9am",83.101279,10.1626975,6.7360236
"064","9am",97.225959,0,2.774041
"065","9am",93.959539,1.6412628,4.3991979
"066","9am",97.453757,2.5462428,0
"067","9am",89.382566,8.0408644,2.5765691
"068","9am",95.475038,3.4393191,1.0856429
"069","9am",85.260241,6.8048083,7.934951
"070","9am",10.608629,88.5666837,0.8246874
"071","9am",2.82193,96.4192551,0.7588149
"072","9am",1.603007,96.6771251,1.7198677
"073","9am",3.003937,96.324672,0.6713913
"074","9am",7.745771,90.8054776,1.4487511
"075","9am",9.332632,89.0007916,1.6665763
"076","9am",4.09787,95.9021296,0
"077","9am",98.382823,0.537613,1.0795637
"078","9am",97.355417,1.7599995,0.8845835
"079","9am",97.543648,1.5697143,0.8866378
"080","9am",97.546305,1.156682,1.2970126
"001","10am",5.653144,15.9286847,78.418171
"002","10am",13.533401,17.4516737,69.0149252
"003","10am",7.198234,12.5030263,80.2987399
"004","10am",9.324085,7.2086509,83.4672645
"005","10am",6.2236,12.2946835,81.4817163
"006","10am",7.448206,12.0384246,80.5133692
"007","10am",2.505926,7.7907294,89.7033447
"008","10am",2.667825,6.9851374,90.3470377
"009","10am",15.519562,20.8920255,63.5884129
"010","10am",5.917871,14.9606319,79.1214975
"011","10am",12.399995,10.8888527,76.7111524
"012","10am",0,4.9133241,95.0866759
"013","10am",11.842494,21.7501278,66.4073782
"014","10am",6.306236,6.5299739,87.16379
"015","10am",5.822841,3.2350873,90.9420717
"016","10am",3.460469,15.2692445,81.2702865
"017","10am",11.246482,14.3930073,74.360511
"018","10am",9.681789,8.3176116,82.0005996
"019","10am",15.923204,16.4087408,67.6680557
"020","10am",1.626904,1.822751,96.5503447
"021","10am",8.597468,2.1926747,89.2098574
"022","10am",14.831709,18.0878995,67.0803917
"023","10am",12.366506,22.8160815,64.8174126
"024","10am",5.537977,7.794248,86.6677749
"025","10am",8.256252,11.6153264,80.1284219
"026","10am",4.896876,8.6835537,86.4195706
"027","10am",20.255089,26.8054313,52.9394801
"028","10am",13.355806,22.433773,64.2104205
"029","10am",6.630772,69.4370231,23.9322051
"030","10am",18.937315,71.3011758,9.7615094
"031","10am",90.089841,7.9753758,1.9347827
"032","10am",61.266851,21.3595091,17.3736403
"033","10am",16.091095,68.2902596,15.6186449
"034","10am",22.378185,60.4380993,17.1837152
"035","10am",13.591434,61.7620566,24.646509
"036","10am",12.903789,77.4732797,9.6229314
"037","10am",11.63263,81.8011169,6.5662534
"038","10am",6.462859,81.5697431,11.9673975
"039","10am",8.286891,76.8022805,14.9108284
"040","10am",14.351194,73.3364207,12.3123858
"041","10am",14.909455,70.0545636,15.0359813
"042","10am",7.6156,82.5179504,9.8664496
"043","10am",11.5579,68.957174,19.4849264
"044","10am",80.0803,8.8577106,11.0619891
"045","10am",2.911514,92.4636622,4.6248238
"046","10am",5.833867,91.4071549,2.7589778
"047","10am",18.000867,68.0781271,13.9210063
"048","10am",92.235032,4.1644458,3.6005224
"049","10am",93.074511,0,6.9254893
"050","10am",92.505107,0,7.4948928
"051","10am",6.695514,93.304486,0
"052","10am",89.708406,4.9599823,5.331612
"053","10am",98.947055,0,1.0529449
"054","10am",77.948987,12.1108896,9.9401237
"055","10am",90.260412,4.6456871,5.093901
"056","10am",5.375731,91.8047339,2.8195351
"057","10am",6.909064,82.8608314,10.2301048
"058","10am",8.915411,91.0845891,0
"059","10am",6.206235,91.2837946,2.5099707
"060","10am",24.286398,73.2701035,2.4434982
"061","10am",87.994604,9.5927309,2.4126647
"062","10am",92.673061,5.8819694,1.4449698
"063","10am",81.673791,11.4875578,6.8386508
"064","10am",98.496428,0,1.5035718
"065","10am",92.897058,1.7300986,5.3728438
"066","10am",98.52779,1.4722099,0
"067","10am",88.332307,9.0550998,2.6125934
"068","10am",95.023901,3.9028751,1.073224
"069","10am",82.149136,7.651114,10.1997498
"070","10am",9.48674,88.3723507,2.140909
"071","10am",1.513299,97.724214,0.7624872
"072","10am",6.48633,91.7256061,1.7880641
"073","10am",3.100299,96.2269415,0.6727594
"074","10am",7.638241,91.776593,0.5851657
"075","10am",9.607278,88.3002285,2.0924931
"076","10am",4.239582,95.7604181,0
"077","10am",98.893952,0,1.1060479
"078","10am",97.045882,2.1204775,0.8336409
"079","10am",98.293368,0.8184279,0.8882046
"080","10am",96.658503,1.1158126,2.2256849
"001","11am",7.857256,14.2169936,77.92575
"002","11am",11.454297,18.4188238,70.1268791
"003","11am",5.214453,14.4967052,80.2888414
"004","11am",9.888655,5.7276499,84.383695
"005","11am",5.741957,13.8152332,80.4428094
"006","11am",8.591456,10.3101596,81.0983845
"007","11am",2.295889,8.5228473,89.1812633
"008","11am",0,9.3389891,90.6610109
"009","11am",14.614513,22.9985778,62.3869092
"010","11am",4.123145,15.4062252,80.47063
"011","11am",9.723398,11.4080108,78.8685908
"012","11am",0,5.3691163,94.6308837
"013","11am",9.204117,20.8943783,69.9015043
"014","11am",5.150382,5.1395744,89.710044
"015","11am",7.726559,2.0653075,90.208133
"016","11am",3.354938,16.7577116,79.8873501
"017","11am",10.286618,14.7813196,74.9320627
"018","11am",9.731066,8.6435633,81.625371
"019","11am",17.507449,16.8853164,65.607235
"020","11am",1.360498,2.7694336,95.8700682
"021","11am",8.068086,3.382645,88.5492685
"022","11am",15.888311,17.2139502,66.8977386
"023","11am",12.012105,22.5756718,65.4122229
"024","11am",5.27122,8.5096495,86.2191307
"025","11am",8.100184,11.5989092,80.3009065
"026","11am",4.72262,6.9423164,88.3350638
"027","11am",19.662118,25.1562409,55.1816407
"028","11am",12.820675,20.8051929,66.3741318
"029","11am",7.261189,69.1315095,23.6073011
"030","11am",19.461728,71.5892324,8.9490397
"031","11am",90.679872,7.5372931,1.782835
"032","11am",62.251374,20.2000794,17.5485467
"033","11am",15.624339,68.9950706,15.3805907
"034","11am",19.244989,63.313082,17.4419294
"035","11am",14.730363,59.439298,25.8303394
"036","11am",10.72765,79.5037788,9.7685711
"037","11am",8.786747,84.8735966,6.339656
"038","11am",3.115184,83.4178598,13.4669566
"039","11am",10.19141,78.0753774,11.7332124
"040","11am",13.758699,73.9363199,12.3049815
"041","11am",14.039168,71.1856613,14.7751703
"042","11am",7.782732,81.5499568,10.6673114
"043","11am",8.762272,71.6104037,19.6273244
"044","11am",78.798586,9.3514579,11.8499566
"045","11am",2.729257,91.5994782,5.6712644
"046","11am",4.341608,92.9698427,2.6885492
"047","11am",18.401786,69.5528722,12.0453414
"048","11am",95.449371,2.2408842,2.3097447
"049","11am",92.248722,0.8948913,6.8563867
"050","11am",93.039195,0,6.9608053
"051","11am",6.339881,93.6601188,0
"052","11am",90.386707,4.1451562,5.4681365
"053","11am",98.455434,0.6370282,0.907538
"054","11am",77.725415,11.7635102,10.5110751
"055","11am",90.214342,4.6676618,5.1179958
"056","11am",5.059165,91.4890608,3.4517742
"057","11am",9.688545,83.8265475,6.4849071
"058","11am",8.190372,91.8096277,0
"059","11am",6.087307,90.1108491,3.8018441
"060","11am",19.531091,77.8851271,2.5837816
"061","11am",92.154128,6.9723074,0.8735642
"062","11am",91.67942,6.0295487,2.2910315
"063","11am",83.332925,10.4475505,6.2195248
"064","11am",100,0,0
"065","11am",92.881079,1.7991003,5.319821
"066","11am",98.609612,1.3903879,0
"067","11am",89.875702,8.0671845,2.0571133
"068","11am",95.597075,3.3465617,1.0563634
"069","11am",88.715384,6.6245073,4.6601087
"070","11am",7.776675,90.8753061,1.3480189
"071","11am",4.580005,94.680517,0.7394783
"072","11am",5.626632,92.5847574,1.788611
"073","11am",4.160448,95.518842,0.3207099
"074","11am",6.263058,93.2154529,0.5214893
"075","11am",8.889461,88.9713351,2.1392039
"076","11am",4.326758,95.6732424,0
"077","11am",98.179294,0.7968993,1.0238068
"078","11am",97.406201,1.726202,0.8675967
"079","11am",97.739889,1.3366011,0.9235101
"080","11am",96.781196,1.7075929,1.5112115
"001","12am",5.2731289,14.7731261,79.953745
"002","12am",9.3934156,21.0044557,69.6021288
"003","12am",6.0621105,12.2893671,81.6485225
"004","12am",10.9201937,5.1715396,83.9082668
"005","12am",7.7765506,9.0903918,83.1330576
"006","12am",7.4675171,7.1809174,85.3515654
"007","12am",2.9783586,4.7366322,92.2850092
"008","12am",0,4.4624116,95.5375884
"009","12am",15.3131233,22.9766689,61.7102079
"010","12am",3.6827151,10.4823664,85.8349185
"011","12am",11.8668942,8.3940378,79.739068
"012","12am",0,5.5999405,94.4000595
"013","12am",6.3770386,20.4166091,73.2063523
"014","12am",4.8091026,5.3079405,89.882957
"015","12am",7.0942165,3.8130534,89.0927301
"016","12am",3.1238692,13.3107796,83.5653512
"017","12am",6.2571362,15.4917371,78.2511267
"018","12am",7.4573985,6.9808649,85.5617366
"019","12am",17.0109973,13.6852581,69.3037446
"020","12am",1.7107856,3.664889,94.6243254
"021","12am",5.4603184,0,94.5396816
"022","12am",15.0922336,14.7100199,70.1977465
"023","12am",11.9098901,20.2320697,67.8580402
"024","12am",5.0775861,6.03589,88.8865239
"025","12am",7.8248798,11.3470787,80.8280415
"026","12am",5.5622827,4.9177703,89.519947
"027","12am",17.3439464,24.5678366,58.0882169
"028","12am",10.3615253,18.756691,70.8817837
"029","12am",5.3309899,76.0923081,18.576702
"030","12am",16.3713732,77.5236937,6.1049331
"031","12am",94.2487276,4.0867542,1.6645182
"032","12am",65.6484733,17.7014383,16.6500884
"033","12am",16.4725349,70.5406603,12.9868047
"034","12am",18.4123909,63.6261165,17.9614927
"035","12am",11.5641118,68.2310195,20.2048688
"036","12am",15.0721965,77.5164715,7.4113321
"037","12am",5.5505186,89.8021474,4.647334
"038","12am",8.0346431,83.982297,7.9830599
"039","12am",2.8404694,93.6931226,3.4664079
"040","12am",11.2603204,77.5675584,11.1721211
"041","12am",13.6343213,72.5219158,13.8437629
"042","12am",6.7530818,85.7339026,7.5130157
"043","12am",9.1220563,72.8372764,18.0406672
"044","12am",83.0606788,8.9575091,7.9818122
"045","12am",0.7866839,97.5695072,1.6438089
"046","12am",3.8851296,93.5794639,2.5354065
"047","12am",13.4756288,74.1262452,12.398126
"048","12am",94.8387328,1.3720558,3.7892114
"049","12am",94.4045339,2.2652836,3.3301825
"050","12am",93.5876953,0,6.4123047
"051","12am",0.5878493,96.8749731,2.5371775
"052","12am",89.9340615,4.8199214,5.2460171
"053","12am",98.5698374,0.5898445,0.8403181
"054","12am",81.4578227,7.6574029,10.8847745
"055","12am",89.7564439,4.1305518,6.1130043
"056","12am",4.6946248,92.3216271,2.9837481
"057","12am",6.6866031,89.016262,4.2971349
"058","12am",7.9368326,92.0631674,0
"059","12am",3.4549501,93.1451725,3.3998774
"060","12am",15.1858987,82.9071512,1.9069501
"061","12am",90.7004484,8.4750274,0.8245242
"062","12am",94.3409114,5.044585,0.6145036
"063","12am",84.6125319,9.6454446,5.7420236
"064","12am",99.4961497,0.5038503,0
"065","12am",93.8740829,1.7439125,4.3820046
"066","12am",99.3280384,0.6719616,0
"067","12am",89.2135612,9.0818709,1.7045679
"068","12am",95.1610472,3.236865,1.6020878
"069","12am",91.3811101,5.0983045,3.5205854
"070","12am",4.4381195,95.1158183,0.4460622
"071","12am",7.3112399,91.9594366,0.7293235
"072","12am",5.0727418,93.2636641,1.6635941
"073","12am",2.6823241,96.4144934,0.9031824
"074","12am",5.9297587,92.9901525,1.0800888
"075","12am",8.2535283,90.3246692,1.4218025
"076","12am",1.5477901,98.4522099,0
"077","12am",98.2693949,0.7574633,0.9731419
"078","12am",96.853889,1.578422,1.567689
"079","12am",97.217388,1.885967,0.896645
"080","12am",96.9936812,1.5948682,1.4114506
"001","1pm",6.7680616,12.6814122,80.5505262
"002","1pm",6.9752377,23.2055703,69.819192
"003","1pm",5.9681117,16.927445,77.1044433
"004","1pm",10.2882299,7.3709552,82.3408149
"005","1pm",8.1850575,11.3466941,80.4682485
"006","1pm",8.7867792,7.153431,84.0597899
"007","1pm",3.7578837,5.9751456,90.2669707
"008","1pm",2.0562441,7.8472452,90.0965107
"009","1pm",14.7546767,21.9873583,63.257965
"010","1pm",4.0697185,8.1260038,87.8042776
"011","1pm",9.5714546,12.0422932,78.3862522
"012","1pm",0.7550251,5.929628,93.3153469
"013","1pm",8.5063367,21.5205215,69.9731419
"014","1pm",5.5421899,3.3686181,91.089192
"015","1pm",5.135171,3.9529019,90.9119271
"016","1pm",3.1611008,15.2494837,81.5894155
"017","1pm",8.6204141,14.9510527,76.4285332
"018","1pm",8.0010004,9.9385192,82.0604804
"019","1pm",16.5401719,13.6736359,69.7861922
"020","1pm",1.8046676,3.3829954,94.812337
"021","1pm",6.6751705,0,93.3248295
"022","1pm",14.7636903,17.8141929,67.4221167
"023","1pm",9.8291075,20.0850089,70.0858836
"024","1pm",5.1281602,9.6214265,85.2504133
"025","1pm",8.9507586,12.1766879,78.8725535
"026","1pm",4.0290981,5.9651152,90.0057867
"027","1pm",19.7806976,24.5508839,55.6684186
"028","1pm",16.2412602,18.0664779,65.6922619
"029","1pm",6.0607523,73.5325799,20.4066678
"030","1pm",19.6622317,74.4444016,5.8933668
"031","1pm",92.4617614,3.4397673,4.0984713
"032","1pm",63.705252,21.0424829,15.2522651
"033","1pm",15.8921814,69.0081559,15.0996628
"034","1pm",18.1095,69.0056038,12.8848961
"035","1pm",15.0505487,63.264066,21.6853853
"036","1pm",8.4894966,83.0278566,8.4826469
"037","1pm",9.7128047,85.469028,4.8181673
"038","1pm",4.6248411,83.2871708,12.0879881
"039","1pm",9.8569442,78.164493,11.9785628
"040","1pm",12.98078,77.7297743,9.2894457
"041","1pm",12.5870762,73.9705298,13.442394
"042","1pm",5.6271328,85.5821649,8.7907023
"043","1pm",16.6956587,67.4656954,15.8386459
"044","1pm",79.2777238,8.7979607,11.9243155
"045","1pm",1.2235138,96.5489483,2.2275379
"046","1pm",9.2091481,85.9727015,4.8181504
"047","1pm",14.6482486,74.7643944,10.5873569
"048","1pm",89.1525037,5.0784336,5.7690627
"049","1pm",87.5657222,6.5537567,5.8805211
"050","1pm",91.418668,1.3085519,7.2727801
"051","1pm",3.3489779,96.6510221,0
"052","1pm",88.7943789,5.7215142,5.4841069
"053","1pm",97.5667925,1.4510535,0.982154
"054","1pm",79.2686973,9.8958565,10.8354462
"055","1pm",91.5340651,4.0381671,4.4277678
"056","1pm",6.1714947,89.9254801,3.9030252
"057","1pm",4.4622717,89.7064106,5.8313177
"058","1pm",4.2740306,92.5748267,3.1511427
"059","1pm",3.5212534,92.925645,3.5531016
"060","1pm",17.0505945,80.920116,2.0292895
"061","1pm",90.9304302,8.188053,0.8815168
"062","1pm",93.3947902,5.4704514,1.1347584
"063","1pm",82.7595615,11.6616576,5.5787809
"064","1pm",99.4707864,0.5292136,0
"065","1pm",94.6329638,1.7382527,3.6287835
"066","1pm",97.0328696,2.9671304,0
"067","1pm",89.54198,8.7524631,1.7055569
"068","1pm",94.0321731,4.2072813,1.7605455
"069","1pm",87.4735078,8.9911097,3.5353826
"070","1pm",11.1363382,88.4006484,0.4630134
"071","1pm",7.6643081,91.6140668,0.7216251
"072","1pm",4.4430996,93.7511449,1.8057555
"073","1pm",4.089365,95.3903705,0.5202645
"074","1pm",6.716564,93.0965163,0.1869196
"075","1pm",8.8418162,89.5969993,1.5611845
"076","1pm",5.3740125,94.6259875,0
"077","1pm",98.2635955,0.7600016,0.9764029
"078","1pm",96.9453398,1.5143029,1.5403573
"079","1pm",96.9974576,1.2908876,1.7116548
"080","1pm",96.9729214,1.6204818,1.4065968
"001","2pm",7.10445,11.1378036,81.7577463
"002","2pm",9.740417,22.6126422,67.6469405
"003","2pm",7.555545,17.0684462,75.376009
"004","2pm",10.434323,7.5532258,82.0124515
"005","2pm",9.747514,12.3003415,77.9521443
"006","2pm",9.747454,10.5264336,79.7261125
"007","2pm",3.873154,7.2478141,88.8790319
"008","2pm",0,12.4111588,87.5888412
"009","2pm",14.482724,19.8561926,65.6610838
"010","2pm",5.260822,8.0055098,86.7336682
"011","2pm",10.501676,11.2132575,78.2850663
"012","2pm",1.810572,6.0899836,92.0994445
"013","2pm",9.965318,21.7682745,68.2664079
"014","2pm",4.920265,3.7585726,91.3211627
"015","2pm",4.800591,6.1883348,89.0110742
"016","2pm",3.619737,14.7071036,81.6731596
"017","2pm",10.009467,12.7654666,77.2250666
"018","2pm",10.014333,10.3165473,79.6691193
"019","2pm",16.63896,15.6098865,67.751153
"020","2pm",1.313491,3.4332375,95.2532714
"021","2pm",7.304166,1.4877407,91.2080936
"022","2pm",14.57817,17.9221778,67.4996522
"023","2pm",8.678007,22.4113067,68.9106859
"024","2pm",6.837844,6.4927572,86.6693992
"025","2pm",7.758901,11.617669,80.6234299
"026","2pm",4.302744,8.4186331,87.2786226
"027","2pm",20.935444,25.1024641,53.9620922
"028","2pm",15.528828,20.7249453,63.7462268
"029","2pm",6.537095,71.6550965,21.807809
"030","2pm",16.79904,66.6804674,16.5204922
"031","2pm",88.121697,6.5422954,5.3360074
"032","2pm",61.076532,21.8019218,17.1215461
"033","2pm",13.906389,66.5306238,19.5629873
"034","2pm",19.143966,66.0540287,14.8020056
"035","2pm",19.488055,58.0972334,22.4147118
"036","2pm",7.637669,81.486571,10.8757597
"037","2pm",10.449706,83.7079352,5.8423584
"038","2pm",6.951882,82.2046559,10.843462
"039","2pm",9.101195,77.9613009,12.9375043
"040","2pm",13.035527,76.1867738,10.7776997
"041","2pm",12.40165,71.9771024,15.6212474
"042","2pm",9.233566,84.4769866,6.2894469
"043","2pm",15.630416,63.669546,20.7000378
"044","2pm",79.21439,12.2129945,8.5726151
"045","2pm",2.988345,93.2706396,3.7410157
"046","2pm",4.828989,89.7291776,5.4418334
"047","2pm",13.978709,70.0890112,15.9322802
"048","2pm",91.884506,5.1625766,2.952917
"049","2pm",85.148205,7.8279618,7.0238334
"050","2pm",85.54258,7.5677163,6.8897035
"051","2pm",3.730033,96.2699671,0
"052","2pm",87.826032,6.7661963,5.4077718
"053","2pm",96.067352,3.9326479,0
"054","2pm",77.218239,10.0001544,12.7816063
"055","2pm",88.197728,8.2162477,3.5860239
"056","2pm",5.973978,91.5059971,2.520025
"057","2pm",7.53411,88.2718483,4.1940416
"058","2pm",4.675189,91.0779725,4.2468387
"059","2pm",3.501305,92.382407,4.1162883
"060","2pm",18.182005,79.6825918,2.1354036
"061","2pm",92.174169,6.9141451,0.9116861
"062","2pm",91.708284,7.7053623,0.5863533
"063","2pm",81.670838,12.3980843,5.9310776
"064","2pm",97.953805,0.5526094,1.4935856
"065","2pm",94.137265,1.7506648,4.1120704
"066","2pm",96.734466,3.2655338,0
"067","2pm",90.661798,7.7478509,1.5903509
"068","2pm",91.983099,6.1929281,1.823973
"069","2pm",86.294011,8.9844386,4.7215506
"070","2pm",11.14458,88.3967171,0.4587028
"071","2pm",3.604762,95.593709,0.8015288
"072","2pm",6.423449,91.7251793,1.8513718
"073","2pm",3.773224,95.7205439,0.5062324
"074","2pm",7.99335,91.3667608,0.6398896
"075","2pm",8.784324,89.3704154,1.8452603
"076","2pm",5.867972,94.132028,0
"077","2pm",97.171606,0.7758052,2.0525885
"078","2pm",98.131095,0.5660628,1.3028424
"079","2pm",97.599063,1.1212329,1.2797042
"080","2pm",96.930525,1.6431777,1.4262972
"001","3pm",6.572349,10.0221512,83.4054995
"002","3pm",6.432514,23.7386824,69.8288036
"003","3pm",6.195258,16.842378,76.9623639
"004","3pm",7.449888,9.6558079,82.8943043
"005","3pm",9.407121,7.2923225,83.3005566
"006","3pm",9.781566,8.9842306,81.2342034
"007","3pm",4.338678,6.7743059,88.8870162
"008","3pm",0,12.1736769,87.8263231
"009","3pm",13.241861,20.2795732,66.4785656
"010","3pm",3.832637,10.8233008,85.3440626
"011","3pm",8.605298,11.5527432,79.8419589
"012","3pm",3.014488,7.7546275,89.2308845
"013","3pm",9.41021,24.4590251,66.1307646
"014","3pm",5.968723,6.9766462,87.0546305
"015","3pm",4.765073,6.1425494,89.0923775
"016","3pm",5.757072,13.1231259,81.1198023
"017","3pm",9.672666,14.0423933,76.2849404
"018","3pm",10.209833,9.7018512,80.0883158
"019","3pm",15.941827,14.0479886,70.0101848
"020","3pm",1.319849,5.3707999,93.3093507
"021","3pm",7.445277,1.1293834,91.4253392
"022","3pm",13.897691,20.4678447,65.6344642
"023","3pm",8.664427,22.645732,68.6898407
"024","3pm",6.49656,4.8131136,88.6903264
"025","3pm",7.07232,11.7742258,81.1534541
"026","3pm",4.004655,9.9233369,86.0720085
"027","3pm",21.174892,25.7264726,53.098635
"028","3pm",12.658682,23.7824188,63.5588994
"029","3pm",6.583799,66.5873566,26.8288448
"030","3pm",18.040526,67.5564509,14.4030236
"031","3pm",91.368049,5.7604512,2.8714998
"032","3pm",56.855503,26.2344617,16.9100354
"033","3pm",14.330289,66.0203215,19.6493897
"034","3pm",23.474525,65.0285589,11.4969162
"035","3pm",13.285305,60.6189731,26.0957215
"036","3pm",10.727637,81.2044842,8.0678784
"037","3pm",10.241714,84.6294627,5.1288235
"038","3pm",10.790454,75.7147556,13.4947908
"039","3pm",9.014325,75.5365914,15.4490832
"040","3pm",14.025944,74.8295201,11.1445358
"041","3pm",15.200558,71.0069801,13.792462
"042","3pm",5.88648,87.2615429,6.8519774
"043","3pm",15.282888,62.0879098,22.6292022
"044","3pm",78.717624,10.1516063,11.1307693
"045","3pm",3.654499,92.2085729,4.1369277
"046","3pm",6.365851,87.9540494,5.6800993
"047","3pm",16.383844,69.0292222,14.5869338
"048","3pm",87.662183,8.5444871,3.7933301
"049","3pm",90.127813,4.9434884,4.9286986
"050","3pm",94.254672,3.2942215,2.4511069
"051","3pm",3.62243,96.3775703,0
"052","3pm",87.576908,7.2784775,5.1446148
"053","3pm",96.154449,3.8455511,0
"054","3pm",77.537836,10.8687724,11.5933921
"055","3pm",87.059909,9.1990263,3.7410644
"056","3pm",5.824606,90.9074843,3.2679093
"057","3pm",4.455845,89.7212362,5.822919
"058","3pm",4.135891,92.107156,3.7569527
"059","3pm",3.482661,92.3663239,4.1510149
"060","3pm",20.630654,77.2702075,2.0991385
"061","3pm",93.561281,5.4815432,0.9571754
"062","3pm",91.999079,7.3634036,0.637517
"063","3pm",84.963289,9.4756067,5.5611041
"064","3pm",97.932366,0.5583994,1.5092348
"065","3pm",94.295517,1.7034092,4.0010736
"066","3pm",96.975995,3.0240052,0
"067","3pm",89.495506,8.8597321,1.6447616
"068","3pm",92.605025,5.6084368,1.7865384
"069","3pm",86.667061,8.3411045,4.9918344
"070","3pm",11.813491,87.9010359,0.2854733
"071","3pm",3.66733,95.5351873,0.7974825
"072","3pm",4.188923,93.8531014,1.9579752
"073","3pm",4.497853,94.3816787,1.120468
"074","3pm",9.071366,90.6099215,0.3187122
"075","3pm",9.732653,88.1084312,2.1589162
"076","3pm",5.705544,94.2944565,0
"077","3pm",96.817294,1.1967598,1.9859463
"078","3pm",98.525801,0.5741483,0.9000509
"079","3pm",97.814169,0.9239313,1.2618997
"080","3pm",96.898156,1.6605059,1.4413382
"001","4pm",6.281532,10.416368,83.3020998
"002","4pm",6.599131,19.00546,74.3954093
"003","4pm",4.170247,11.9738741,83.8558788
"004","4pm",5.522755,5.8645001,88.6127445
"005","4pm",5.118999,5.848353,89.0326476
"006","4pm",7.5413,7.1926582,85.2660418
"007","4pm",4.731146,5.6703867,89.598467
"008","4pm",0,8.4601482,91.5398518
"009","4pm",7.871292,17.2646027,74.864105
"010","4pm",3.705014,12.9575415,83.3374442
"011","4pm",7.477826,10.7121266,81.8100471
"012","4pm",3.150134,5.0936316,91.7562344
"013","4pm",7.059579,24.4977426,68.4426786
"014","4pm",3.740423,6.2373248,90.0222525
"015","4pm",4.188915,8.0513112,87.7597737
"016","4pm",2.333969,11.3525867,86.3134448
"017","4pm",5.773523,12.5213109,81.7051665
"018","4pm",6.411654,6.8661019,86.7222442
"019","4pm",14.471569,11.9143229,73.6141079
"020","4pm",2.327067,4.1822913,93.4906412
"021","4pm",7.068998,0,92.9310017
"022","4pm",11.999072,18.4175789,69.5833491
"023","4pm",5.422508,21.6515432,72.9259493
"024","4pm",3.176981,4.6699721,92.1530472
"025","4pm",5.056274,10.1205708,84.8231554
