"district","hour","act1","act2","act3","act4","act5"
"7501","4am",98.58362,1.0153479,0,0,0.4010357
"7502","4am",98.78772,0.2692702,0.1461124,0,0.7969018
"7503","4am",97.54232,0.5774,0,0,1.8802814
"7504","4am",93.21475,2.0900178,0,0,4.69523
"7505","4am",99.55359,0,0,0,0.4464064
"7506","4am",97.93443,0.8407846,0,0,1.2247894
"7507","4am",97.71502,1.0288885,0,0,1.256095
"7508","4am",96.75052,1.934623,0,0,1.3148553
"7509","4am",99.24716,0.5064789,0,0,0.2463615
"7510","4am",99.70993,0.2900672,0,0,0
"7511","4am",99.8165,0.1835038,0,0,0
"7512","4am",98.80998,0.8096893,0,0,0.3803299
"7513","4am",99.31868,0.205663,0,0,0.4756584
"7514","4am",98.97248,0,0,0,1.0275223
"7701","4am",99.08657,0.9134255,0,0,0
"7702","4am",99.05071,0,0.2668194,0,0.6824667
"7703","4am",95.88768,3.096853,0,0,1.0154622
"7704","4am",98.45898,0.7969223,0.1012417,0,0.642853
"7705","4am",98.35326,0.4470545,1.199688,0,0
"7706","4am",99.70881,0.291189,0,0,0
"7707","4am",98.18662,1.6484288,0,0,0.164951
"7708","4am",98.68707,0.2513342,0,0,1.0615929
"7709","4am",98.2403,1.7596999,0,0,0
"7710","4am",98.16836,0,0,0,1.8316374
"7711","4am",99.37545,0.2907438,0,0,0.333802
"7712","4am",98.95338,1.0466215,0,0,0
"7713","4am",98.07533,1.924669,0,0,0
"7714","4am",99.27005,0.4527961,0,0,0.2771525
"7715","4am",100,0,0,0,0
"7716","4am",98.04116,1.7465506,0,0,0.2122849
"7801","4am",99.15661,0.7093737,0,0,0.1340192
"7802","4am",99.42243,0,0,0,0.5775695
"7803","4am",98.53836,0.8546463,0,0,0.6069925
"7804","4am",98.57579,0.5504689,0,0,0.873746
"7805","4am",100,0,0,0,0
"7806","4am",99.7949,0,0,0,0.2050951
"7807","4am",99.6056,0,0,0,0.3944
"7808","4am",99.72159,0,0,0,0.2784097
"7809","4am",99.53726,0,0,0,0.4627368
"7810","4am",100,0,0,0,0
"7811","4am",98.38248,0,0,0,1.6175168
"7812","4am",99.07457,0,0,0,0.9254312
"7813","4am",99.58812,0.4118767,0,0,0
"7814","4am",100,0,0,0,0
"7815","4am",93.68614,1.0817044,0,0,5.2321592
"7816","4am",99.77655,0,0,0,0.2234505
"9101","4am",99.33169,0.6683091,0,0,0
"9102","4am",98.56541,0.8286667,0,0,0.6059229
"9103","4am",99.81743,0,0,0,0.1825687
"9104","4am",99.34318,0.249977,0,0,0.4068417
"9105","4am",99.63503,0.3649697,0,0,0
"9106","4am",98.70141,0,0,0,1.2985943
"9107","4am",100,0,0,0,0
"9108","4am",100,0,0,0,0
"9109","4am",97.85895,0.3490485,0,0,1.7919998
"9110","4am",99.06841,0.9315947,0,0,0
"9111","4am",99.52885,0.4711546,0,0,0
"9112","4am",99.59585,0,0,0,0.4041535
"9113","4am",99.34777,0.6522299,0,0,0
"9114","4am",99.7365,0.2634954,0,0,0
"9201","4am",98.91517,0.1588373,0,0,0.9259932
"9202","4am",98.9833,0.714752,0,0,0.3019453
"9203","4am",99.3327,0.1346634,0,0,0.5326399
"9204","4am",98.83982,1.1601815,0,0,0
"9205","4am",98.46259,0.5032149,0,0,1.0341978
"9206","4am",99.16668,0.5173335,0,0,0.3159881
"9207","4am",99.10578,0.3467827,0,0,0.5474388
"9208","4am",99.37229,0.6277069,0,0,0
"9209","4am",98.74978,1.2502248,0,0,0
"9210","4am",99.51924,0,0.4807573,0,0
"9211","4am",100,0,0,0,0
"9212","4am",97.52422,1.1678137,0,0,1.3079705
"9302","4am",96.21983,1.8746071,0,0,1.9055624
"9303","4am",99.61903,0.3809656,0,0,0
"9304","4am",100,0,0,0,0
"9305","4am",100,0,0,0,0
"9306","4am",99.58126,0.0781739,0,0,0.3405701
"9307","4am",100,0,0,0,0
"9308","4am",96.65248,3.3475213,0,0,0
"9309","4am",97.4002,1.9111477,0,0,0.6886504
"9310","4am",98.74584,1.0246806,0,0,0.2294763
"9311","4am",99.16606,0.691502,0,0,0.1424386
"9312","4am",98.98926,0.6983352,0,0,0.3124094
"9402","4am",98.7031,0,0,0,1.2968956
"9403","4am",99.58464,0.4153645,0,0,0
"9404","4am",98.8341,1.1658998,0,0,0
"9405","4am",93.91881,5.3291678,0,0,0.752025
"9406","4am",98.32826,1.6717369,0,0,0
"9407","4am",99.69303,0,0,0,0.306967
"9408","4am",98.44622,0,0,0,1.553781
"9409","4am",98.52571,1.086016,0,0,0.388277
"9410","4am",98.91454,0,0,0,1.0854635
"9411","4am",98.17247,1.2771433,0,0,0.5503829
"9412","4am",99.25058,0.7494199,0,0,0
"9413","4am",100,0,0,0,0
"9414","4am",98.7742,0,0,0,1.2257988
"9501","4am",99.34984,0,0,0,0.650157
"9502","4am",99.27819,0.721807,0,0,0
"9503","4am",99.01338,0.226674,0,0,0.7599485
"9504","4am",99.74003,0,0,0,0.259974
"9505","4am",97.50063,2.4993666,0,0,0
"9506","4am",97.82,2.180004,0,0,0
"9507","4am",99.67279,0.3272129,0,0,0
"9508","4am",99.25969,0.7403086,0,0,0
"9509","4am",99.17292,0,0,0,0.8270793
"9510","4am",99.10306,0.2726785,0,0,0.6242644
"9511","4am",100,0,0,0,0
"9512","4am",99.12337,0,0,0,0.876627
"9513","4am",98.89414,0.8080473,0,0,0.2978174
"7501","5am",98.58362,1.01534786,0,0,0.4010357
"7502","5am",98.53809,0.52127782,0.14574319,0,0.7948881
"7503","5am",97.54232,0.5774,0,0,1.8802814
"7504","5am",92.79358,2.5324094,0,0,4.6740153
"7505","5am",99.55359,0,0,0,0.4464064
"7506","5am",97.93443,0.84078459,0,0,1.2247894
"7507","5am",97.38068,1.36506581,0,0,1.2542541
"7508","5am",96.73796,1.94210103,0,0,1.3199377
"7509","5am",98.60072,1.15451942,0,0,0.2447568
"7510","5am",99.55086,0.44913911,0,0,0
"7511","5am",99.27067,0.72932734,0,0,0
"7512","5am",99.02439,0.5944566,0,0,0.3811552
"7513","5am",99.31868,0.20566305,0,0,0.4756584
"7514","5am",98.96994,0,0,0,1.0300604
"7701","5am",97.45305,2.46143536,0.08551256,0,0
"7702","5am",99.04566,0,0.26823991,0,0.6861
"7703","5am",95.46339,3.51917878,0,0,1.0174292
"7704","5am",97.84333,1.41330185,0.10114227,0,0.6422214
"7705","5am",97.84654,0.93283773,1.22062573,0,0
"7706","5am",99.14817,0.8518342,0,0,0
"7707","5am",97.55048,2.28142125,0,0,0.1680975
"7708","5am",98.09102,0.84482114,0,0,1.0641587
"7709","5am",97.87379,2.12620706,0,0,0
"7710","5am",97.24662,0.92323218,0,0,1.8301442
"7711","5am",98.11157,1.55380822,0,0,0.3346184
"7712","5am",98.942,1.05800084,0,0,0
"7713","5am",97.80358,2.19641835,0,0,0
"7714","5am",98.58494,1.13909014,0,0,0.2759735
"7715","5am",100,0,0,0,0
"7716","5am",97.69285,2.09322947,0,0,0.2139223
"7801","5am",99.15137,0.71377902,0,0,0.1348515
"7802","5am",98.91748,0.5078839,0,0,0.5746361
"7803","5am",98.53836,0.85464627,0,0,0.6069925
"7804","5am",97.8256,1.29609134,0,0,0.8783093
"7805","5am",100,0,0,0,0
"7806","5am",98.79868,0.99807245,0,0,0.2032439
"7807","5am",99.5985,0,0,0,0.4015024
"7808","5am",99.41454,0.30428287,0,0,0.2811752
"7809","5am",99.11293,0.42630975,0,0,0.4607641
"7810","5am",100,0,0,0,0
"7811","5am",98.38248,0,0,0,1.6175168
"7812","5am",98.96096,0.11466986,0,0,0.92437
"7813","5am",99.03314,0.96686394,0,0,0
"7814","5am",100,0,0,0,0
"7815","5am",93.66004,1.08617446,0,0,5.2537807
"7816","5am",99.77598,0,0,0,0.2240231
"9101","5am",97.94748,2.05252171,0,0,0
"9102","5am",98.56541,0.82866669,0,0,0.6059229
"9103","5am",99.42688,0.38829508,0,0,0.1848224
"9104","5am",99.33694,0.25235336,0,0,0.4107093
"9105","5am",98.07516,1.9248398,0,0,0
"9106","5am",97.59123,1.11226642,0,0,1.2964989
"9107","5am",99.73509,0.26490946,0,0,0
"9108","5am",100,0,0,0,0
"9109","5am",96.5722,1.65259572,0,0,1.7752069
"9110","5am",99.05325,0.94674979,0,0,0
"9111","5am",98.06223,1.93776826,0,0,0
"9112","5am",99.59585,0,0,0,0.4041535
"9113","5am",99.19074,0.80926328,0,0,0
"9114","5am",99.7365,0.26349543,0,0,0
"9201","5am",98.79509,0.28003787,0,0,0.9248691
"9202","5am",98.9833,0.71475198,0,0,0.3019453
"9203","5am",99.10699,0.36045437,0,0,0.5325557
"9204","5am",98.83485,1.1651471,0,0,0
"9205","5am",98.46259,0.50321492,0,0,1.0341978
"9206","5am",98.77811,0.90714094,0,0,0.31475
"9207","5am",99.10578,0.3467827,0,0,0.5474388
"9208","5am",98.90362,1.09637829,0,0,0
"9209","5am",98.21557,1.78442952,0,0,0
"9210","5am",99.51924,0,0.48075728,0,0
"9211","5am",100,0,0,0,0
"9212","5am",97.52422,1.16781372,0,0,1.3079705
"9302","5am",95.45136,2.64596691,0,0,1.902671
"9303","5am",99.48328,0.51671713,0,0,0
"9304","5am",99.80147,0.198528,0,0,0
"9305","5am",99.71999,0.28000939,0,0,0
"9306","5am",99.58005,0.07839889,0,0,0.3415502
"9307","5am",100,0,0,0,0
"9308","5am",97.68846,2.31154471,0,0,0
"9309","5am",96.04698,3.27129156,0,0,0.6817306
"9310","5am",98.73427,1.03413939,0,0,0.2315945
"9311","5am",98.12077,1.32494219,0.41307722,0,0.1412149
"9312","5am",98.62688,1.06003622,0,0,0.3130853
"9402","5am",98.55079,0.14195053,0,0,1.3072598
"9403","5am",99.58464,0.41536449,0,0,0
"9404","5am",97.3635,2.63649772,0,0,0
"9405","5am",89.02164,10.26314207,0,0,0.7152176
"9406","5am",97.89889,2.10110553,0,0,0
"9407","5am",99.69047,0,0,0,0.309525
"9408","5am",97.80827,0.64527097,0,0,1.546462
"9409","5am",98.18454,1.42682596,0,0,0.3886317
"9410","5am",98.90662,0,0,0,1.0933818
"9411","5am",97.69591,1.75088014,0,0,0.5532148
"9412","5am",96.46237,3.53762802,0,0,0
"9413","5am",98.40329,1.59670864,0,0,0
"9414","5am",98.77221,0,0,0,1.2277885
"9501","5am",99.34448,0,0,0,0.6555185
"9502","5am",97.85482,2.14517631,0,0,0
"9503","5am",98.63192,0.61106049,0,0,0.7570208
"9504","5am",99.73775,0,0,0,0.2622502
"9505","5am",95.99987,4.00012824,0,0,0
"9506","5am",97.41787,2.58212746,0,0,0
"9507","5am",99.25468,0.74532438,0,0,0
"9508","5am",99.25294,0.7470595,0,0,0
"9509","5am",98.90752,0.26322326,0,0,0.8292563
"9510","5am",99.10306,0.27267846,0,0,0.6242644
"9511","5am",100,0,0,0,0
"9512","5am",99.12337,0,0,0,0.876627
"9513","5am",98.89747,0.8056089,0,0,0.2969187
"7501","6am",95.77307,3.8357857,0,0,0.3911467
"7502","6am",98.12495,0.9383643,0.14513213,0,0.7915553
"7503","6am",94.85192,3.3196629,0,0,1.8284197
"7504","6am",92.42969,2.8153325,0,0,4.7549747
"7505","6am",97.95401,0,0,0,2.0459946
"7506","6am",96.59172,2.1825398,0,0,1.2257402
"7507","6am",96.15653,2.5795988,0,0,1.2638756
"7508","6am",96.19596,2.486228,0,0,1.317808
"7509","6am",98.17524,1.5266299,0.05352799,0,0.2446021
"7510","6am",98.0208,1.9792013,0,0,0
"7511","6am",98.08505,1.9149452,0,0,0
"7512","6am",98.99149,0.6271466,0,0,0.3813586
"7513","6am",98.10606,1.4202637,0,0,0.4736757
"7514","6am",98.50523,0.4446751,0,0,1.0500993
"7701","6am",94.2784,5.6332534,0.08834238,0,0
"7702","6am",98.46613,0.5653933,0.2722123,0,0.6962606
"7703","6am",91.90894,7.0791374,0,0,1.0119237
"7704","6am",97.41656,1.8240326,0.10332494,0,0.6560807
"7705","6am",96.90495,1.8005262,1.29452324,0,0
"7706","6am",97.79477,2.0004611,0,0,0.2047675
"7707","6am",97.15824,2.6696632,0,0,0.1720934
"7708","6am",97.77839,1.0926469,0,0,1.1289676
"7709","6am",92.28294,7.7170648,0,0,0
"7710","6am",95.85088,2.3206163,0,0,1.8285007
"7711","6am",96.19952,3.4659681,0,0,0.334511
"7712","6am",98.92007,1.0799288,0,0,0
"7713","6am",96.04263,3.9573744,0,0,0
"7714","6am",97.23389,2.2735619,0,0,0.4925475
"7715","6am",98.5937,1.4062997,0,0,0
"7716","6am",96.6453,3.1342229,0,0,0.2204777
"7801","6am",99.12987,0.731859,0,0,0.1382673
"7802","6am",98.90906,0.511832,0,0,0.5791031
"7803","6am",97.41233,1.9802275,0,0,0.6074406
"7804","6am",96.16169,2.9625268,0,0,0.8757813
"7805","6am",99.64105,0.358948,0,0,0
"7806","6am",95.59345,4.2008837,0,0,0.2056693
"7807","6am",98.52266,1.0615097,0,0,0.4158316
"7808","6am",98.84636,0.8630343,0,0,0.2906031
"7809","6am",99.08772,0.438421,0,0,0.4738543
"7810","6am",100,0,0,0,0
"7811","6am",97.60583,0.7823141,0,0,1.6118557
"7812","6am",98.7179,0.3556331,0,0,0.9264657
"7813","6am",96.23784,3.762164,0,0,0
"7814","6am",100,0,0,0,0
"7815","6am",92.71022,1.9499551,0,0,5.3398242
"7816","6am",98.49614,1.2724211,0,0,0.231441
"9101","6am",95.50177,3.991366,0,0,0.5068671
"9102","6am",96.94091,2.4396351,0,0,0.6194543
"9103","6am",99.41478,0.3964971,0,0,0.1887264
"9104","6am",98.53564,1.0500655,0,0,0.4142913
"9105","6am",96.45754,3.542463,0,0,0
"9106","6am",96.62952,2.0465003,0,0,1.3239833
"9107","6am",98.83051,1.1694942,0,0,0
"9108","6am",99.32145,0.4639857,0,0,0.214563
"9109","6am",96.51183,1.6816984,0,0,1.8064687
"9110","6am",98.28401,1.715986,0,0,0
"9111","6am",95.28505,4.7149497,0,0,0
"9112","6am",98.39674,1.1958007,0,0,0.4074624
"9113","6am",98.89881,1.1011863,0,0,0
"9114","6am",98.68057,1.3194288,0,0,0
"9201","6am",97.57298,1.5004061,0,0,0.9266098
"9202","6am",97.72946,1.966923,0,0,0.3036179
"9203","6am",98.08994,1.1371999,0.23627681,0,0.5365799
"9204","6am",96.71946,3.2805372,0,0,0
"9205","6am",96.25482,2.1374438,0.57072225,0,1.0370096
"9206","6am",97.92655,1.7614132,0,0,0.3120366
"9207","6am",98.92829,0.5223373,0,0,0.5493697
"9208","6am",97.52296,2.477043,0,0,0
"9209","6am",98.05146,1.9485422,0,0,0
"9210","6am",98.63819,0.8810183,0.48078959,0,0
"9211","6am",99.71174,0.2882593,0,0,0
"9212","6am",97.51119,1.173959,0,0,1.3148533
"9302","6am",95.49813,2.5040425,0,0,1.99783
"9303","6am",97.97533,2.0246656,0,0,0
"9304","6am",99.15139,0.8486137,0,0,0
"9305","6am",99.33359,0.6664114,0,0,0
"9306","6am",98.6709,0.9836019,0,0,0.345495
"9307","6am",98.79157,1.2084298,0,0,0
"9308","6am",96.02318,3.9768204,0,0,0
"9309","6am",94.35732,4.95638,0,0,0.6862988
"9310","6am",97.19817,2.5642143,0,0,0.2376165
"9311","6am",97.26508,2.1565483,0.43102353,0,0.14735
"9312","6am",97.29635,2.3813723,0,0,0.3222729
"9402","6am",97.55427,1.0959864,0,0,1.3497395
"9403","6am",98.34195,1.658047,0,0,0
"9404","6am",95.35616,4.6438401,0,0,0
"9405","6am",86.75096,12.5468846,0,0,0.7021562
"9406","6am",97.67332,2.3266822,0,0,0
"9407","6am",98.42371,1.0095921,0,0,0.5666977
"9408","6am",97.76644,0.657585,0,0,1.575974
"9409","6am",97.87734,1.7337753,0,0,0.3888848
"9410","6am",98.89559,0,0,0,1.104408
"9411","6am",96.32723,3.1119998,0,0,0.5607725
"9412","6am",94.38679,5.6132131,0,0,0
"9413","6am",97.67485,2.3251538,0,0,0
"9414","6am",97.78372,0.9726352,0,0,1.2436451
"9501","6am",98.91287,0.3990778,0,0,0.6880568
"9502","6am",95.30735,4.6926475,0,0,0
"9503","6am",97.99478,1.2177927,0,0,0.7874257
"9504","6am",99.43488,0.2952175,0,0,0.269906
"9505","6am",92.4977,7.502304,0,0,0
"9506","6am",96.49738,3.5026195,0,0,0
"9507","6am",97.97456,2.0254411,0,0,0
"9508","6am",98.99635,1.003652,0,0,0
"9509","6am",97.99807,1.1546504,0,0,0.847277
"9510","6am",97.56552,1.8125699,0,0,0.6219078
"9511","6am",99.76501,0.2349918,0,0,0
"9512","6am",99.09948,0,0,0,0.9005175
"9513","6am",97.76196,1.9414062,0,0,0.2966372
"7501","7am",90.96022,7.6984659,0,0,1.34131875
"7502","7am",92.14604,6.4986951,0.14106341,0,1.21420004
"7503","7am",84.89888,12.8813238,0,0.5694868,1.65030768
"7504","7am",85.78787,9.6631063,0,0,4.54902729
"7505","7am",97.24078,1.9255402,0,0,0.83368197
"7506","7am",89.13574,9.7231549,0,0,1.14110931
"7507","7am",92.46282,5.6008934,0.18489602,0.3850659,1.36632252
"7508","7am",93.17452,5.1173869,0,0.4187976,1.28929529
"7509","7am",96.10891,3.2246996,0.0539425,0.3659549,0.24649624
"7510","7am",94.18075,4.6796378,0,0,1.13961642
"7511","7am",96.03697,3.9630334,0,0,0
"7512","7am",96.88895,2.7267009,0,0,0.38435258
"7513","7am",96.46423,3.0318036,0,0,0.50396607
"7514","7am",95.60342,3.349809,0,0,1.04676861
"7701","7am",88.22371,11.5839153,0.08947583,0,0.10289788
"7702","7am",93.79891,4.6188362,0.54733336,0,1.03492187
"7703","7am",89.88839,9.1845945,0,0,0.92701468
"7704","7am",97.22091,1.9621752,0.11115023,0,0.7057688
"7705","7am",96.69611,1.9220187,1.38187265,0,0
"7706","7am",96.01283,3.4805944,0,0,0.50657763
"7707","7am",97.23519,2.5792805,0,0,0.18553395
"7708","7am",94.80454,3.9471837,0,0,1.24827159
"7709","7am",90.03534,9.9646577,0,0,0
"7710","7am",94.01319,3.751168,0,0,2.23564303
"7711","7am",93.49553,6.1603885,0,0,0.34408074
"7712","7am",98.56255,1.3382364,0,0,0.09920969
"7713","7am",94.45227,5.1386036,0,0,0.40912961
"7714","7am",96.0259,3.68157,0,0,0.29252836
"7715","7am",98.12387,1.5985817,0.27754703,0,0
"7716","7am",93.14749,6.6151151,0,0,0.23739589
"7801","7am",96.65817,3.1972325,0,0,0.14459823
"7802","7am",98.32502,1.064529,0,0,0.61044685
"7803","7am",96.60109,2.5601787,0,0,0.8387318
"7804","7am",93.39716,5.6695003,0,0,0.93334388
"7805","7am",96.87645,2.684485,0.22185329,0,0.21720924
"7806","7am",91.69081,7.8318504,0,0,0.47734345
"7807","7am",96.89425,2.64454,0,0,0.46121376
"7808","7am",97.14695,2.5334122,0,0,0.31963948
"7809","7am",96.78049,2.7081036,0,0,0.51140685
"7810","7am",98.51516,1.4848352,0,0,0
"7811","7am",94.75609,3.5865785,0,0,1.65733274
"7812","7am",96.11563,2.9262239,0,0,0.95814776
"7813","7am",94.20753,5.7924658,0,0,0
"7814","7am",98.48541,1.5145925,0,0,0
"7815","7am",90.06695,4.176215,0,0,5.75683044
"7816","7am",92.17857,7.3449127,0.23891759,0,0.23759732
"9101","7am",92.21773,7.2615543,0,0,0.52071767
"9102","7am",95.04653,4.3107275,0,0,0.64274218
"9103","7am",98.73045,1.0646095,0,0,0.20494542
"9104","7am",96.72445,2.8395315,0,0,0.43602057
"9105","7am",93.06065,6.9393493,0,0,0
"9106","7am",93.41605,3.6972028,0,0,2.88674651
"9107","7am",96.87483,2.8698521,0,0,0.25531535
"9108","7am",98.60542,1.1684994,0,0,0.22608452
"9109","7am",94.60769,3.6863248,0,0,1.70598552
"9110","7am",97.16915,2.4309977,0,0.399856,0
"9111","7am",88.61935,11.1691628,0.21148405,0,0
"9112","7am",96.83363,2.7267592,0,0,0.43961556
"9113","7am",96.40344,3.5965584,0,0,0
"9114","7am",98.31113,1.6888736,0,0,0
"9201","7am",90.05249,8.41318,0,0,1.5343297
"9202","7am",94.4311,5.0350763,0.22825759,0,0.30556137
"9203","7am",93.49995,5.5819928,0.23616302,0,0.68189786
"9204","7am",88.55045,10.8177051,0,0,0.63184662
"9205","7am",92.74307,5.6720681,0.5626035,0,1.02225772
"9206","7am",95.6903,3.9906148,0,0,0.3190885
"9207","7am",98.69568,0.7405429,0,0,0.56377713
"9208","7am",94.97835,4.6299082,0,0,0.39173878
"9209","7am",96.38379,3.3112359,0,0,0.30497441
"9210","7am",97.10673,2.2476882,0.64558166,0,0
"9211","7am",96.92974,3.0702563,0,0,0
"9212","7am",93.91185,3.9007787,0.38631471,0,1.80105741
"9302","7am",88.6542,7.7316232,1.56524751,0,2.04892561
"9303","7am",96.10073,3.899267,0,0,0
"9304","7am",97.19119,2.8088141,0,0,0
"9305","7am",96.92545,3.0745473,0,0,0
"9306","7am",94.65907,3.7354405,0,0.8940683,0.71142429
"9307","7am",98.46517,1.5348289,0,0,0
"9308","7am",94.36212,5.6378844,0,0,0
"9309","7am",89.4793,9.1332112,0,0,1.38749372
"9310","7am",95.27862,4.4643373,0,0,0.25704144
"9311","7am",94.32999,5.0615298,0.45346128,0,0.15502059
"9312","7am",93.0751,6.2061144,0,0,0.71878474
"9402","7am",94.77431,3.5541389,0,0.3001883,1.37136641
"9403","7am",94.00826,5.735389,0.25635238,0,0
"9404","7am",90.72206,9.2779443,0,0,0
"9405","7am",83.74222,15.3430266,0,0,0.91475465
"9406","7am",90.79068,8.2891361,0.27415351,0,0.64603148
"9407","7am",95.86776,3.8098154,0,0,0.32242886
"9408","7am",95.46474,2.8799929,0,0,1.6552687
"9409","7am",95.95646,3.6434849,0,0,0.40005552
"9410","7am",92.48669,6.0818209,0,0,1.43148722
"9411","7am",90.04811,8.2741411,0.50565644,0,1.17209063
"9412","7am",92.65064,7.349362,0,0,0
"9413","7am",94.12887,5.5672507,0,0,0.30388404
"9414","7am",96.00378,2.6433413,0,0,1.352883
"9501","7am",96.99375,2.2793299,0,0,0.72691815
"9502","7am",93.20299,6.5875657,0,0,0.20944454
"9503","7am",96.13083,3.0247423,0,0,0.84442566
"9504","7am",97.34491,2.3719058,0,0,0.28318827
"9505","7am",87.17472,12.8252791,0,0,0
"9506","7am",92.83722,5.8016467,0,0,1.36113794
"9507","7am",97.26453,2.7354651,0,0,0
"9508","7am",96.20397,3.4471987,0.34883191,0,0
"9509","7am",96.8216,2.2289991,0,0,0.94940399
"9510","7am",97.46828,2.1228597,0,0,0.40886119
"9511","7am",98.87635,1.123649,0,0,0
"9512","7am",96.84949,2.2171111,0,0,0.93340138
"9513","7am",94.72553,4.957998,0,0,0.31646856
"7501","8am",72.58709,24.668205,1.0458592,0,1.6988432
"7502","8am",75.86763,16.420992,6.3413851,0,1.3699976
"7503","8am",62.03572,33.056266,2.8615103,0,2.0465023
"7504","8am",73.77571,19.438418,0.9190101,0,5.8668576
"7505","8am",92.05127,5.68834,1.7827685,0,0.4776231
"7506","8am",77.03756,20.492052,0.9398909,0,1.5304926
"7507","8am",82.42619,13.730206,1.9389619,0,1.904645
"7508","8am",86.91518,10.649981,0.8323346,0,1.6025014
"7509","8am",86.27715,11.77211,0.8514688,0,1.0992698
"7510","8am",84.0596,14.259945,0.6862882,0,0.9941661
"7511","8am",85.91241,11.687314,1.343312,0,1.056965
"7512","8am",91.43291,7.71833,0.106128,0.2366469,0.5059888
"7513","8am",84.50015,11.907465,1.8609554,0,1.731433
"7514","8am",91.90561,4.851575,1.613139,0,1.6296734
"7701","8am",76.42865,22.382933,0.2907479,0,0.897668
"7702","8am",82.36066,12.803038,2.0835514,0,2.752749
"7703","8am",73.36989,23.464794,1.1375127,0,2.0277996
"7704","8am",89.5725,8.204795,0.5395755,0,1.6831319
"7705","8am",87.29838,9.22336,3.4782566,0,0
"7706","8am",87.87702,10.818326,0.8170492,0,0.4876066
"7707","8am",86.02048,11.577023,1.6067878,0,0.7957053
"7708","8am",92.79093,5.329764,0.4021222,0,1.4771874
"7709","8am",78.91254,20.25434,0.8331168,0,0
"7710","8am",88.33842,7.64872,1.2766496,0,2.7362094
"7711","8am",77.0578,18.372767,2.8527207,0.4947022,1.2220124
"7712","8am",88.20217,10.356203,1.3361745,0,0.1054567
"7713","8am",85.29486,12.07652,1.8026788,0,0.8259363
"7714","8am",87.22652,10.764477,1.6660059,0,0.3429943
"7715","8am",87.56469,11.716894,0.7184142,0,0
"7716","8am",82.63985,17.081673,0,0,0.2784788
"7801","8am",91.03967,8.960329,0,0,0
"7802","8am",89.63429,9.666426,0,0,0.6992836
"7803","8am",85.6781,10.881983,1.363968,0.7719356,1.3040121
"7804","8am",89.50743,9.439458,0,0,1.0531088
"7805","8am",85.84409,13.685743,0.2412944,0,0.2288701
"7806","8am",80.17566,19.309938,0,0,0.5143992
"7807","8am",87.42891,10.263963,0,1.3975751,0.9095544
"7808","8am",88.8281,10.332364,0.4793076,0,0.3602315
"7809","8am",86.28164,12.077415,0.5940003,0,1.0469411
"7810","8am",94.59633,5.403668,0,0,0
"7811","8am",89.10847,8.271597,0,0,2.6199334
"7812","8am",74.58001,19.53864,4.4135994,0.274306,1.1934393
"7813","8am",83.02408,16.975925,0,0,0
"7814","8am",91.74654,7.133519,0,0,1.1199445
"7815","8am",85.50093,7.325992,0.4232218,0,6.7498559
"7816","8am",73.42984,24.98078,1.1001327,0,0.4892465
"9101","8am",76.09483,18.935884,4.4298226,0,0.5394649
"9102","8am",87.14942,12.138138,0,0,0.7124435
"9103","8am",90.27685,7.654193,0.5091112,0,1.5598421
"9104","8am",88.16695,8.967862,1.180574,0.4992299,1.1853829
"9105","8am",80.95129,18.709441,0,0.3392667,0
"9106","8am",80.98162,15.860381,1.2308884,0,1.9271107
"9107","8am",93.11019,5.503043,0.8539854,0,0.5327851
"9108","8am",90.84061,6.071905,1.5617823,0,1.5257013
"9109","8am",86.13701,11.911383,0.1504315,0,1.801173
"9110","8am",93.10909,6.89091,0,0,0
"9111","8am",75.24608,21.968771,2.5531101,0.2320371,0
"9112","8am",89.97696,9.52928,0,0,0.4937633
"9113","8am",82.52304,16.437044,0.5446487,0,0.4952664
"9114","8am",87.99191,9.191651,2.2379062,0,0.5785315
"9201","8am",79.82045,16.412562,1.3933339,0,2.3736494
"9202","8am",86.67358,11.076149,1.9138865,0,0.3363883
"9203","8am",81.31356,14.776943,2.8478323,0,1.0616679
"9204","8am",71.16994,24.850759,1.9022422,0,2.0770573
"9205","8am",74.82043,23.288079,1.1650266,0,0.7264684
"9206","8am",81.29784,18.365144,0,0,0.3370126
"9207","8am",87.94345,6.817323,1.5798273,2.031763,1.627641
"9208","8am",86.89098,11.231158,1.5253902,0,0.3524702
"9209","8am",85.91657,12.892835,0.3296288,0,0.8609654
"9210","8am",83.92829,13.309525,2.5799867,0,0.1821967
"9211","8am",82.68626,16.059855,0.2973825,0.9564997,0
"9212","8am",84.57408,11.749796,1.2412181,0,2.4349105
"9302","8am",84.3698,13.863399,0,0.3411775,1.4256263
"9303","8am",81.78855,16.551138,0.8003642,0.5612899,0.2986611
"9304","8am",85.92717,13.322913,0.7499166,0,0
"9305","8am",90.11718,6.810121,1.1366486,0,1.9360487
"9306","8am",88.32944,9.180018,1.8217969,0,0.6687421
"9307","8am",91.73526,6.347804,0,0.2072786,1.7096575
"9308","8am",81.72485,17.101423,1.1737293,0,0
"9309","8am",79.44944,18.027397,0.3726327,0,2.1505282
"9310","8am",85.15109,12.367988,0.3275316,0,2.1533861
"9311","8am",84.83926,11.607576,2.964139,0,0.589023
"9312","8am",76.39361,19.916424,2.4618976,0.7626734,0.4653918
"9402","8am",79.84454,15.505806,2.924782,0.3133482,1.4115215
"9403","8am",83.40152,14.904859,1.4553197,0,0.2382969
"9404","8am",78.72966,18.794423,2.4759124,0,0
"9405","8am",70.1742,27.80213,1.0665112,0,0.9571548
"9406","8am",77.06308,19.942164,2.4372578,0.0770272,0.4804685
"9407","8am",87.62173,10.317436,0.2527995,0,1.8080392
"9408","8am",84.04844,7.333738,6.8475207,0,1.7702973
"9409","8am",83.69489,12.870165,2.1772904,0,1.2576543
"9410","8am",80.52019,15.751512,1.8155337,0.5102765,1.4024922
"9411","8am",79.69441,17.138545,1.3685294,0,1.7985114
"9412","8am",86.78287,11.064208,1.4684405,0,0.6844767
"9413","8am",82.63703,12.903472,4.1177088,0,0.3417878
"9414","8am",81.2927,14.58928,0,0.3851133,3.7329079
"9501","8am",86.80004,12.503627,0.6963286,0,0
"9502","8am",78.60658,19.434451,0.7531387,0,1.205826
"9503","8am",84.85584,9.312617,0,0,5.8315405
"9504","8am",94.20032,5.799676,0,0,0
"9505","8am",76.53212,23.467877,0,0,0
"9506","8am",82.8167,15.876849,0,0,1.30645
"9507","8am",88.81067,10.360547,0.2655613,0,0.5632228
"9508","8am",85.76672,13.121368,0.5820019,0,0.5299064
"9509","8am",89.5096,8.036137,1.3007408,0,1.1535234
"9510","8am",90.5325,7.426537,1.0074485,0,1.0335119
"9511","8am",90.43486,9.111128,0.4540131,0,0
"9512","8am",90.73706,6.806334,1.3266768,0,1.1299293
"9513","8am",86.52789,12.813026,0,0.6590807,0
"7501","9am",34.35824,59.04123,3.9530773,0,2.6474483
"7502","9am",41.41576,36.57338,13.2397513,0.3199313,8.451172
"7503","9am",23.6153,68.69409,3.3084895,0.5533562,3.8287727
"7504","9am",51.88782,35.29312,4.4318735,0.9612573,7.4259294
"7505","9am",66.26024,24.53865,6.1673542,0,3.0337592
"7506","9am",50.38026,41.20528,3.2447632,0.4019949,4.7677104
"7507","9am",55.50479,33.64268,7.9199999,0,2.9325225
"7508","9am",62.09647,31.07139,3.6055598,0,3.2265824
"7509","9am",57.42994,35.25811,3.5104674,0.6247139,3.1767652
"7510","9am",57.39078,33.5118,4.0458824,0.1643638,4.8871651
"7511","9am",57.4933,34.97533,4.1561731,0.4820726,2.893127
"7512","9am",71.26179,19.55449,3.2269546,1.8377427,4.119024
"7513","9am",67.34677,24.82548,3.3880858,0.4637917,3.975873
"7514","9am",75.41488,16.31702,3.3437787,0.8737411,4.0505757
"7701","9am",51.1378,42.13546,3.4150184,0.2383072,3.0734157
"7702","9am",57.99185,32.62157,5.9595768,0.1920848,3.2349158
"7703","9am",51.39433,40.77421,2.2284773,2.0320763,3.5709049
"7704","9am",69.61723,19.16132,4.3129992,1.6472631,5.2611804
"7705","9am",71.15491,18.06073,5.6131773,0,5.1711885
"7706","9am",73.38263,21.43178,1.7513191,0.2757528,3.1585175
"7707","9am",70.02267,24.37305,3.1896249,0.823333,1.5913319
"7708","9am",79.043,11.33316,2.6617655,0,6.9620792
"7709","9am",58.706,37.13157,1.1177333,2.0897619,0.954929
"7710","9am",76.45264,16.41536,1.7001237,0.6247929,4.8070869
"7711","9am",56.82356,35.04384,5.2010572,0,2.9315436
"7712","9am",71.76871,20.00576,1.3123706,1.5260762,5.3870862
"7713","9am",72.06708,18.39381,5.8138736,0.8617811,2.8634628
"7714","9am",64.11571,22.79362,11.144058,0.3820406,1.5645727
"7715","9am",73.90473,21.412,1.0346631,1.1441837,2.5044247
"7716","9am",50.85563,42.63765,4.2570553,0.3369079,1.9127566
"7801","9am",70.76215,20.70238,5.2825801,0,3.2528885
"7802","9am",71.69585,21.62351,3.7342573,2.171139,0.7752449
"7803","9am",66.81369,23.91975,6.141715,0,3.1248427
"7804","9am",74.74248,18.1327,1.563057,0,5.5617636
"7805","9am",66.54355,28.37406,2.2404128,0,2.8419802
"7806","9am",64.67866,33.15875,0.6472718,0.2332923,1.2820298
"7807","9am",71.97017,19.74202,6.8907072,0,1.3971086
"7808","9am",75.11968,20.10391,3.7667547,0,1.0096474
"7809","9am",67.33983,27.42129,2.5644194,1.3121722,1.362287
"7810","9am",78.32478,15.42087,2.3740161,0,3.880331
"7811","9am",76.59516,18.11284,1.73267,0.7015755,2.8577571
"7812","9am",50.4192,39.31536,6.7218982,1.9021913,1.641353
"7813","9am",65.18559,31.59464,1.1337762,1.5103321,0.5756641
"7814","9am",69.9305,27.58597,1.3211863,0.3866581,0.7756897
"7815","9am",63.37727,19.16418,4.6859408,2.4023696,10.3702355
"7816","9am",44.13212,50.50952,4.4668557,0,0.8915034
"9101","9am",45.09255,45.154,8.2217437,0.3274249,1.2042832
"9102","9am",66.28237,29.03624,1.037154,2.2814696,1.3627651
"9103","9am",71.32908,23.64532,1.337858,1.2340561,2.4536912
"9104","9am",78.41295,17.05243,2.2786805,0.6541794,1.6017595
"9105","9am",56.38358,41.02664,1.0421376,0.4653523,1.0822939
"9106","9am",57.29168,28.42071,4.168824,1.0944971,9.0242915
"9107","9am",75.49459,19.20279,0.9609329,0.4907627,3.8509204
"9108","9am",74.46858,14.90541,2.5048934,2.0931388,6.0279762
"9109","9am",65.94756,26.71571,4.5093415,0,2.8273826
"9110","9am",76.17229,19.67665,0.9273676,0,3.2236936
"9111","9am",48.66697,45.19209,4.1967703,0.5095938,1.4345745
"9112","9am",67.99432,29.05712,0.85042,0.7043873,1.3937583
"9113","9am",44.184,41.90627,6.7945104,1.3480597,5.767158
"9114","9am",62.71951,23.31606,8.0211393,3.4323781,2.5109112
"9201","9am",61.6054,30.72813,2.4990437,0,5.1674277
"9202","9am",63.88315,29.31161,4.5240315,0.7955008,1.485706
"9203","9am",59.08696,35.5694,4.8919237,0.4517223,0
"9204","9am",40.10675,50.07607,5.8224841,1.4139881,2.5807032
"9205","9am",35.88292,59.09731,2.8579233,0.5471538,1.6146925
"9206","9am",51.27755,46.79577,1.8250184,0,0.1016669
"9207","9am",64.40993,25.39287,5.1019563,0,5.0952521
"9208","9am",59.65031,33.60061,3.8763118,0,2.8727666
"9209","9am",59.86152,37.465,1.9295668,0.4345734,0.3093386
"9210","9am",60.97877,29.35417,5.7256454,1.6430323,2.2983741
"9211","9am",62.35985,35.69502,0.7668576,0,1.1782715
"9212","9am",60.54451,29.52862,2.0071238,1.8130454,6.1067
"9302","9am",71.99341,21.07834,0.444566,1.8657998,4.6178846
"9303","9am",59.94538,31.38601,4.4173517,0.914619,3.3366362
"9304","9am",64.39975,32.12788,3.0572924,0.1592081,0.2558695
"9305","9am",74.91896,16.41756,2.5502668,0.7001518,5.4130682
"9306","9am",68.27075,21.48051,5.3019928,1.4402128,3.5065365
"9307","9am",79.15243,16.64297,2.8906737,0,1.313928
"9308","9am",66.74452,24.46695,3.3068538,1.1043149,4.3773602
"9309","9am",61.49777,32.05767,1.273087,0.2508794,4.9205908
"9310","9am",72.41899,23.67168,1.4735856,0.9394756,1.4962742
"9311","9am",68.27658,22.65354,7.360181,0.1306344,1.5790699
"9312","9am",56.92784,36.54715,4.724659,0.4029122,1.397443
"9402","9am",59.05993,30.55783,7.308035,0.5487755,2.5254329
"9403","9am",58.53336,33.28532,3.6363761,1.7747222,2.7702178
"9404","9am",62.47285,29.38395,4.1045728,0.4169727,3.6216482
"9405","9am",44.39539,49.83043,2.1267594,1.9999122,1.64751
"9406","9am",49.43214,37.49556,6.9888925,0.5671343,5.5162725
"9407","9am",69.11839,24.03878,2.3245442,1.0652047,3.4530811
"9408","9am",65.79146,18.22538,10.1939706,2.2403753,3.5488139
"9409","9am",63.24032,29.11626,3.6688357,0.7985889,3.1760014
"9410","9am",59.60933,33.57611,4.2357799,0.4855362,2.0932503
"9411","9am",59.68936,32.3978,1.3839713,1.320905,5.2079611
"9412","9am",67.51445,25.25637,2.9356139,2.3945887,1.8989814
"9413","9am",66.04563,24.3111,7.5701074,0.2501772,1.8229863
"9414","9am",65.14915,27.79238,0.9255278,0.5623326,5.5706157
"9501","9am",56.1035,28.58437,8.8540867,3.1710043,3.287038
"9502","9am",49.47333,40.52563,5.1056691,1.2093761,3.6859897
"9503","9am",65.9925,21.81826,3.3125334,0,8.8767067
"9504","9am",75.3572,20.69945,0.8293762,0.5323372,2.5816292
"9505","9am",56.57342,40.96811,1.5575744,0.9008957,0
"9506","9am",66.90775,26.71172,1.5548704,0.5723822,4.2532821
"9507","9am",74.60882,18.32592,4.6394165,0,2.4258457
"9508","9am",68.8421,25.31764,2.1379568,0,3.7023027
"9509","9am",74.76971,17.31781,3.6189412,0,4.2935393
"9510","9am",71.45295,20.83058,2.4111698,2.3531048,2.9522
"9511","9am",76.0085,19.21709,3.7396196,0,1.0347881
"9512","9am",74.95934,18.93433,1.9372804,0,4.1690582
"9513","9am",73.34989,23.0906,0.9695067,0.9398468,1.6501574
"7501","10am",20.35005,68.20848,5.1087574,1.3068728,5.0258466
"7502","10am",24.74932,50.57314,15.2919661,1.3888375,7.9967396
"7503","10am",14.09259,74.03587,4.6359027,0.8557183,6.3799159
"7504","10am",33.1354,44.82152,8.0579715,2.8159974,11.1691062
"7505","10am",52.54519,32.48753,9.082955,0.7433919,5.1409394
"7506","10am",33.49863,52.59939,3.7539153,0.1999953,9.9480676
"7507","10am",41.86955,43.22046,9.7519338,0.2765938,4.8814643
"7508","10am",43.10764,43.27342,5.5311248,1.9028525,6.1849642
"7509","10am",43.35558,46.31941,4.7900727,0.4913914,5.0435497
"7510","10am",40.94624,43.59594,6.5830809,2.6533309,6.2214102
"7511","10am",36.71736,48.65427,5.0050548,1.4882722,8.1350433
"7512","10am",61.30241,24.75767,3.1947864,1.6096214,9.1355129
"7513","10am",56.41888,31.08714,6.6101308,0.4021011,5.4817477
"7514","10am",65.1494,24.84341,4.1096023,0,5.8975825
"7701","10am",39.43694,49.22249,4.6503096,2.9359733,3.7542914
"7702","10am",48.50713,38.9361,7.6735028,0,4.8832667
"7703","10am",44.90189,43.301,1.9202703,4.2707628,5.60608
"7704","10am",62.90846,21.07661,4.421413,5.1949953,6.3985196
"7705","10am",62.89661,19.11414,5.6098362,2.7994342,9.5799857
"7706","10am",65.67246,21.74062,1.7687233,5.984406,4.8337951
"7707","10am",61.7674,27.75367,3.2341289,4.6089574,2.6358393
"7708","10am",72.1136,16.47357,3.5380147,3.1091217,4.7656856
"7709","10am",52.4396,37.89971,1.751147,4.854025,3.0555146
"7710","10am",71.07453,16.94287,1.737493,4.1066498,6.1384523
"7711","10am",53.8177,36.34356,5.3006506,1.8884277,2.6496656
"7712","10am",65.17525,25.06972,1.2439454,2.8563781,5.6547039
"7713","10am",66.78898,19.35383,5.8584772,3.927756,4.0709539
"7714","10am",53.98592,26.24551,10.6783826,2.7305586,6.3596314
"7715","10am",67.59488,22.97054,1.064499,3.3929098,4.9771713
"7716","10am",42.65515,46.26447,3.1260743,3.5809997,4.3733114
"7801","10am",64.68937,25.53618,5.6425706,2.7432687,1.3886081
"7802","10am",64.63052,24.98263,3.6127465,2.8754868,3.898622
"7803","10am",54.15576,30.42461,5.9967091,2.4994988,6.9234304
"7804","10am",69.81576,20.52234,1.6962476,1.9950245,5.9706277
"7805","10am",55.66033,32.65176,3.0258424,1.1376825,7.5243859
"7806","10am",56.3025,34.82975,1.4049769,1.592846,5.8699252
"7807","10am",55.28016,21.70572,6.5239402,11.0757218,5.4144639
"7808","10am",59.56543,21.88708,4.1710417,1.6841352,12.6923062
"7809","10am",55.66144,34.0092,2.6554209,3.8125713,3.8613681
"7810","10am",73.11618,15.67179,2.4334597,1.8656932,6.9128822
"7811","10am",62.69736,24.73631,1.7090932,5.3598767,5.4973638
"7812","10am",37.11167,45.47487,7.7939195,2.7306611,6.8888789
"7813","10am",57.12966,30.45207,4.1473153,4.9752769,3.2956698
"7814","10am",58.30517,30.59195,1.2974144,2.7591955,7.0462656
"7815","10am",55.24371,20.82567,5.958901,3.89459,14.0771277
"7816","10am",33.71839,57.08289,4.2845269,1.4896432,3.424551
"9101","10am",31.28378,51.70658,11.0402163,1.4037844,4.5656357
"9102","10am",57.13084,33.43928,1.1072946,4.1161821,4.2064106
"9103","10am",59.92648,27.70705,2.4258078,3.4198927,6.5207623
"9104","10am",65.16647,18.28913,2.9974431,6.5236586,7.0232974
"9105","10am",48.38885,42.34078,0.9897862,2.4522638,5.8283205
"9106","10am",54.83506,32.22118,4.2761274,1.0012366,7.6663901
"9107","10am",65.94009,22.43357,1.6264232,4.8509698,5.1489445
"9108","10am",54.27181,21.64417,4.5886344,6.3386034,13.1567839
"9109","10am",57.7302,31.47531,5.5208899,0.8989548,4.3746436
"9110","10am",68.88945,23.64627,1.4205208,0.4679064,5.5758514
"9111","10am",39.25807,51.47164,4.4681166,2.503743,2.2984314
"9112","10am",55.08172,34.04633,0.8509288,3.1922649,6.828765
"9113","10am",36.5882,47.90015,6.576741,2.677405,6.2574999
"9114","10am",50.7912,31.67071,7.895993,1.8345676,7.807533
"9201","10am",48.19359,40.82492,3.746924,1.4952573,5.7393139
"9202","10am",55.85639,36.2377,4.192568,0.8636007,2.8497349
"9203","10am",41.18066,49.11983,5.2745334,2.0318798,2.3930941
"9204","10am",28.13082,58.03373,7.2749177,1.3516476,5.2088861
"9205","10am",19.03086,73.69524,3.7885841,1.2939339,2.1913845
"9206","10am",37.70937,56.43035,2.0200187,1.7238399,2.1164225
"9207","10am",46.5798,35.61574,6.6952753,0.8087296,10.3004576
"9208","10am",41.63355,45.23207,5.5618334,1.0065218,6.5660203
"9209","10am",44.94799,50.6074,2.0479373,0.7707373,1.6259325
"9210","10am",45.80511,37.18033,7.5237894,5.5308417,3.9599283
"9211","10am",52.73377,42.14105,0.3293388,1.9764652,2.8193748
"9212","10am",48.41819,38.54109,2.8608073,1.1569954,9.0229179
"9302","10am",68.35672,26.01268,0.4751956,3.3349488,1.8204512
"9303","10am",45.21199,39.62607,6.3875918,2.2640129,6.5103295
"9304","10am",48.54191,41.94321,3.1307041,3.9548557,2.4293222
"9305","10am",65.92474,20.64814,3.5741424,0.5753645,9.2776163
"9306","10am",61.73326,23.6394,5.5234066,3.1050586,5.9988671
"9307","10am",70.71682,18.65498,3.7163747,3.6645698,3.2472539
"9308","10am",62.55509,26.52596,3.2218409,2.0151772,5.6819305
"9309","10am",50.50861,38.27766,1.410893,4.7843934,5.0184394
"9310","10am",66.30979,28.3735,2.5433625,1.8124848,0.9608581
"9311","10am",56.14207,26.62737,9.4779466,3.9384212,3.8141984
"9312","10am",40.91367,48.07736,4.9630076,1.5102017,4.535753
"9402","10am",49.64081,36.47448,6.886045,3.3374707,3.6611984
"9403","10am",44.24599,43.7961,3.9239028,3.3875175,4.6464887
"9404","10am",51.82678,31.50691,4.8415752,4.2841047,7.5406292
"9405","10am",40.49204,53.66321,1.9454595,1.2663238,2.6329593
"9406","10am",39.40373,43.35332,8.1905038,3.5558286,5.4966156
"9407","10am",54.57535,36.23423,2.1828013,1.4527186,5.5548985
"9408","10am",55.67009,24.89968,10.5412401,2.4472484,6.4417332
"9409","10am",54.21145,36.00168,3.5585474,1.6215155,4.6068063
"9410","10am",48.31849,43.04907,3.9941505,0.4783474,4.1599397
"9411","10am",54.54512,35.68224,1.4220732,2.4995345,5.8510372
"9412","10am",55.53715,27.23481,2.8176489,9.2496376,5.1607573
"9413","10am",56.21087,27.81325,7.8257495,2.1195623,6.0305618
"9414","10am",54.62905,32.24348,0.8962841,2.1971189,10.0340686
"9501","10am",46.84211,34.16706,9.2867588,2.7766848,6.9273898
"9502","10am",41.22871,43.40829,4.803565,2.7917077,7.7677282
"9503","10am",59.27414,24.31752,3.318686,1.9433696,11.1462792
"9504","10am",60.09925,27.15919,0.8117448,3.6446751,8.285137
"9505","10am",47.54185,49.07155,1.5291709,0.5635039,1.2939261
"9506","10am",55.76757,32.03043,2.0505519,2.1575093,7.9939377
"9507","10am",60.19022,21.1146,8.7292455,4.626581,5.3393531
"9508","10am",57.36912,31.03452,1.9086462,1.6973197,7.9903977
"9509","10am",64.54799,18.68099,3.7630247,7.6573154,5.3506786
"9510","10am",60.33668,27.91922,2.3972162,4.6999281,4.6469571
"9511","10am",59.42925,25.74647,3.9211525,4.4519655,6.4511656
"9512","10am",66.67351,22.6359,2.6846122,2.1327565,5.873222
"9513","10am",67.44521,22.0013,0.9553091,1.6202169,7.9779623
"7501","11am",14.74486,65.27897,4.6473265,5.6635159,9.665328
"7502","11am",20.6184,49.68016,17.0278713,2.3179996,10.355571
"7503","11am",11.09138,73.9544,4.6362177,2.252925,8.065069
"7504","11am",29.14062,48.54556,9.4870969,1.6820778,11.144645
"7505","11am",44.53432,35.16519,7.9773694,2.8190852,9.50404
"7506","11am",30.30799,54.24991,3.8148536,2.2118452,9.415405
"7507","11am",38.25314,43.28601,9.6240932,1.2373144,7.599438
"7508","11am",36.7436,45.90881,5.4755671,1.5220036,10.350019
"7509","11am",36.08412,46.70149,5.8120036,4.006965,7.395425
"7510","11am",35.78984,46.81196,7.6912054,3.5962219,6.110772
"7511","11am",32.82468,49.91508,5.2029215,2.3686093,9.688711
"7512","11am",58.13588,26.04446,5.0106848,4.0244097,6.784563
"7513","11am",53.91837,30.71943,6.8244851,1.7233639,6.814348
"7514","11am",57.08004,27.60427,4.1942586,2.6864079,8.435021
"7701","11am",36.86183,51.02282,5.1594616,3.4985148,3.457374
"7702","11am",44.61136,39.89175,7.6828872,2.5251669,5.288836
"7703","11am",37.4294,44.41317,1.8142163,8.5625682,7.780651
"7704","11am",61.85777,22.42594,5.0394308,4.5684617,6.108393
"7705","11am",61.64243,19.19168,5.7108173,0.9733836,12.481693
"7706","11am",64.68656,23.62191,2.4318303,2.8313159,6.428387
"7707","11am",60.52093,28.67952,3.2951639,4.6378339,2.86655
"7708","11am",64.12836,14.21028,3.7401121,6.2293988,11.691855
"7709","11am",47.26058,38.86212,1.6716018,4.9440866,7.261613
"7710","11am",63.43949,17.95591,2.1893355,7.1630177,9.252245
"7711","11am",48.59507,37.13952,5.468634,4.8743647,3.922403
"7712","11am",62.83493,25.39441,1.2474557,4.5418379,5.981359
"7713","11am",54.08282,20.35353,5.543233,10.753795,9.266622
"7714","11am",49.57257,27.21506,11.7001166,5.4290063,6.083248
"7715","11am",61.89344,23.0165,1.0511288,7.9303676,6.108564
"7716","11am",41.32966,47.5543,3.138209,5.5687242,2.409104
"7801","11am",63.96983,23.98184,6.0229427,4.7860831,1.2393
"7802","11am",61.20986,28.66715,4.1249872,0.7733701,5.224635
"7803","11am",48.6111,31.19985,5.2963613,7.8026466,7.090035
"7804","11am",70.36986,18.43235,1.696226,1.7122779,7.789287
"7805","11am",48.11677,37.98012,3.220327,2.5522281,8.130558
"7806","11am",51.94238,35.37541,1.7342951,4.2875756,6.660343
"7807","11am",50.97851,23.29895,6.1626263,9.4268537,10.133067
"7808","11am",58.45889,22.41952,4.2725082,3.6060036,11.243078
"7809","11am",46.99723,33.30874,2.5684131,13.2304086,3.89521
"7810","11am",67.60024,14.36721,2.5545431,6.9252374,8.552775
"7811","11am",58.76406,25.14229,2.3232836,4.6817473,9.088619
"7812","11am",31.95303,45.895,7.8448009,5.4752097,8.831957
