"district","hour","age1","age2","age3","age4"
"7501","4am",9.829647,19.672209,55.84404,14.654103
"7502","4am",15.036765,14.07472,50.74124,20.147272
"7503","4am",10.240562,15.889493,58.72537,15.144572
"7504","4am",8.609804,23.780962,56.07517,11.534062
"7505","4am",9.483495,17.207721,59.19276,14.116025
"7506","4am",9.275542,22.684412,50.3196,17.72045
"7507","4am",16.347141,19.671823,47.69594,16.285097
"7508","4am",12.032807,22.64666,47.76276,17.557776
"7509","4am",12.504281,19.336075,49.61892,18.540726
"7510","4am",8.595327,16.038152,51.21867,24.147851
"7511","4am",12.296699,19.356902,50.99741,17.348986
"7512","4am",10.950903,31.281555,44.68318,13.084364
"7513","4am",11.072512,17.976955,55.96373,14.986805
"7514","4am",9.686266,22.355269,52.64278,15.315685
"7701","4am",10.43234,26.607814,55.40337,7.556479
"7702","4am",8.47868,17.675876,63.26786,10.577584
"7703","4am",11.664972,22.850133,53.86967,11.615225
"7704","4am",13.661705,11.605842,58.13333,16.59912
"7705","4am",12.399365,8.767189,68.0993,10.734143
"7706","4am",8.687009,16.035854,57.55156,17.725573
"7707","4am",8.470772,13.833658,59.77144,17.924132
"7708","4am",11.844996,12.023073,60.18765,15.944284
"7709","4am",8.296033,12.498029,65.21066,13.995275
"7710","4am",9.194884,16.502256,60.44507,13.857793
"7711","4am",13.980828,9.753337,63.06464,13.201197
"7712","4am",9.66108,20.784308,51.71123,17.84338
"7713","4am",10.430611,13.149975,57.03219,19.387229
"7714","4am",13.834233,16.505424,49.01016,20.65018
"7715","4am",7.187262,14.128644,58.10445,20.579644
"7716","4am",13.978016,19.740066,58.58569,7.69623
"7801","4am",12.027632,15.604209,58.48606,13.882101
"7802","4am",8.384718,14.020025,56.99501,20.60025
"7803","4am",11.248226,13.409962,57.60522,17.736595
"7804","4am",12.932829,11.958631,55.5744,19.534143
"7805","4am",9.364612,18.08497,56.46703,16.083387
"7806","4am",8.794153,15.738123,59.17365,16.29407
"7807","4am",15.454598,16.864809,47.99543,19.68516
"7808","4am",10.694081,11.824279,66.86246,10.619179
"7809","4am",12.784929,20.883827,54.26743,12.063816
"7810","4am",7.491677,16.947732,54.04603,21.514561
"7811","4am",7.033122,16.471233,52.86366,23.631988
"7812","4am",11.971018,17.358829,49.85973,20.810428
"7813","4am",11.622248,7.680976,65.97264,14.724132
"7814","4am",8.03612,16.071022,56.53427,19.358592
"7815","4am",6.402104,19.301794,59.52795,14.76815
"7816","4am",11.016993,21.663226,59.98687,7.332906
"9101","4am",16.934517,22.473687,51.25265,9.339148
"9102","4am",7.867368,14.724985,61.02392,16.383727
"9103","4am",6.273269,17.737126,58.55511,17.434498
"9104","4am",5.888389,17.571886,56.23582,20.303902
"9105","4am",10.116136,15.351723,62.44472,12.087423
"9106","4am",16.302153,20.367502,47.99938,15.330965
"9107","4am",9.250965,15.408576,57.95207,17.38839
"9108","4am",13.185519,18.091625,52.65354,16.06932
"9109","4am",8.915427,16.566441,56.16854,18.349594
"9110","4am",11.386006,21.325232,53.03902,14.24974
"9111","4am",10.534275,18.34695,55.71276,15.406013
"9112","4am",8.8855,15.731871,59.05875,16.323881
"9113","4am",9.938253,17.370751,54.99415,17.696851
"9114","4am",13.841924,13.729022,55.65496,16.774098
"9201","4am",11.739394,20.676754,53.62871,13.955145
"9202","4am",10.904766,19.319197,55.49348,14.282561
"9203","4am",9.582987,20.60884,51.91017,17.898002
"9204","4am",15.410723,18.53216,52.60412,13.452999
"9205","4am",11.109787,24.992726,49.90208,13.995406
"9206","4am",8.064049,13.704921,62.23754,15.993492
"9207","4am",9.217005,10.608906,61.10969,19.064397
"9208","4am",9.408205,18.239368,53.79326,18.559163
"9209","4am",11.229624,20.882037,53.43819,14.450146
"9210","4am",9.99683,15.473393,54.93871,19.591068
"9211","4am",12.44705,25.697805,44.01878,17.836366
"9212","4am",11.599195,15.641914,52.68915,20.069744
"9302","4am",11.168543,19.799208,48.70078,20.331465
"9303","4am",10.855969,17.972938,57.5624,13.608691
"9304","4am",6.12297,19.965113,59.9952,13.916719
"9305","4am",10.825197,15.654388,58.20819,15.312222
"9306","4am",9.853709,22.268394,49.53519,18.342706
"9307","4am",13.995841,15.813201,56.01132,14.179638
"9308","4am",11.16927,15.659329,58.52714,14.644264
"9309","4am",12.244319,17.844885,57.42159,12.489209
"9310","4am",11.710434,18.58454,54.79567,14.909353
"9311","4am",13.684755,19.854203,52.98768,13.473365
"9312","4am",11.694995,26.632107,50.26309,11.409809
"9402","4am",12.8783,21.154873,51.29103,14.675793
"9403","4am",10.550463,21.778454,52.15074,15.520345
"9404","4am",10.206758,12.506453,61.57187,15.714921
"9405","4am",7.298403,18.516295,57.70125,16.484047
"9406","4am",16.994412,17.900983,51.09319,14.011417
"9407","4am",8.963195,21.437467,53.44531,16.154023
"9408","4am",7.658414,19.638846,51.6827,21.020045
"9409","4am",6.831737,20.84866,54.09767,18.221935
"9410","4am",15.073038,19.015643,52.13081,13.780506
"9411","4am",10.357696,20.554078,53.09938,15.988847
"9412","4am",9.224839,17.552855,57.61287,15.609434
"9413","4am",11.717561,18.906405,53.17137,16.204663
"9414","4am",13.673895,12.29995,58.53832,15.487834
"9501","4am",16.614599,23.630549,53.84365,5.911202
"9502","4am",13.508285,22.39633,51.41457,12.680816
"9503","4am",10.339065,19.56177,54.07602,16.023146
"9504","4am",8.283226,16.775284,58.67749,16.263999
"9505","4am",7.729144,17.552205,59.4186,15.30005
"9506","4am",15.716027,20.036268,53.82365,10.424053
"9507","4am",12.41043,22.847897,51.6166,13.125074
"9508","4am",10.609657,18.292574,58.46368,12.634085
"9509","4am",7.6244,14.394971,65.67327,12.307357
"9510","4am",8.395352,16.481322,57.5844,17.538924
"9511","4am",6.300986,17.806765,56.17259,19.719655
"9512","4am",10.920029,18.817068,53.46119,16.801715
"9513","4am",7.279522,11.371866,65.8287,15.519912
"7501","5am",9.829647,19.672209,55.84404,14.654103
"7502","5am",14.998769,14.039155,50.86571,20.096363
"7503","5am",10.240562,15.889493,58.72537,15.144572
"7504","5am",8.570902,23.673511,56.27364,11.481947
"7505","5am",9.483495,17.207721,59.19276,14.116025
"7506","5am",9.275542,22.684412,50.3196,17.72045
"7507","5am",16.323182,19.451869,47.96372,16.261229
"7508","5am",12.079318,22.34766,47.94738,17.625643
"7509","5am",12.422836,19.210132,49.94707,18.419963
"7510","5am",8.673965,16.341302,50.61596,24.368777
"7511","5am",12.322136,19.396945,50.89604,17.384875
"7512","5am",10.974665,31.132443,44.78014,13.112756
"7513","5am",11.072512,17.976955,55.96373,14.986805
"7514","5am",9.710192,22.410488,52.5258,15.353516
"7701","5am",10.345867,26.531828,55.6904,7.431905
"7702","5am",8.523819,17.769979,63.07231,10.633897
"7703","5am",11.687245,22.702829,53.97252,11.637402
"7704","5am",13.648282,11.075528,58.69338,16.582812
"7705","5am",12.615767,8.920199,67.54255,10.921482
"7706","5am",8.656355,16.655094,56.64604,18.042514
"7707","5am",8.632356,12.786971,60.31463,18.266043
"7708","5am",11.873625,11.810441,60.33311,15.98282
"7709","5am",8.372182,12.612749,64.89133,14.123738
"7710","5am",9.187388,16.082827,60.88329,13.846495
"7711","5am",14.015023,9.777192,62.9743,13.233486
"7712","5am",9.76612,20.552446,51.64405,18.037382
"7713","5am",10.517384,13.25937,56.67473,19.548513
"7714","5am",13.775386,16.435214,49.22706,20.56234
"7715","5am",7.248745,13.978752,58.01681,20.755692
"7716","5am",14.085831,19.814648,58.34393,7.755593
"7801","5am",12.102326,15.701115,58.22825,13.968312
"7802","5am",8.342134,13.94882,57.21342,20.495624
"7803","5am",11.248226,13.409962,57.60522,17.736595
"7804","5am",13.000372,12.021087,55.34238,19.636163
"7805","5am",9.364612,18.08497,56.46703,16.083387
"7806","5am",8.714774,16.4987,58.63953,16.146994
"7807","5am",15.732905,17.168511,47.05893,20.03965
"7808","5am",10.800308,11.941732,66.5333,10.724661
"7809","5am",12.730426,21.221107,54.03608,12.012387
"7810","5am",7.491677,16.947732,54.04603,21.514561
"7811","5am",7.033122,16.471233,52.86366,23.631988
"7812","5am",12.07196,17.338923,49.80255,20.786565
"7813","5am",11.622248,7.680976,65.97264,14.724132
"7814","5am",8.03612,16.071022,56.53427,19.358592
"7815","5am",6.428561,19.381557,59.3607,14.829178
"7816","5am",11.045225,21.462482,60.1406,7.351698
"9101","5am",16.782747,22.858867,51.10294,9.255449
"9102","5am",7.842741,14.678892,61.14593,16.332441
"9103","5am",6.350708,17.084205,58.91537,17.649714
"9104","5am",5.944367,17.373261,56.18545,20.496919
"9105","5am",10.055453,16.202861,62.07014,11.671551
"9106","5am",16.275848,19.921466,48.49646,15.306227
"9107","5am",9.250965,15.408576,57.95207,17.38839
"9108","5am",13.185519,18.091625,52.65354,16.06932
"9109","5am",9.2748,16.714457,55.8331,18.17764
"9110","5am",11.571232,20.535486,53.41173,14.481554
"9111","5am",10.401714,18.116075,56.27007,15.212146
"9112","5am",8.8855,15.731871,59.05875,16.323881
"9113","5am",9.922544,17.501359,54.90722,17.668878
"9114","5am",13.841924,13.729022,55.65496,16.774098
"9201","5am",11.725143,20.773047,53.56361,13.938204
"9202","5am",10.860206,19.240253,55.67534,14.224198
"9203","5am",9.58147,20.605578,51.91778,17.89517
"9204","5am",15.048677,18.611478,52.82927,13.510578
"9205","5am",11.109787,24.992726,49.90208,13.995406
"9206","5am",8.424286,13.65122,61.99367,15.930824
"9207","5am",9.217005,10.608906,61.10969,19.064397
"9208","5am",9.408205,18.239368,53.79326,18.559163
"9209","5am",11.2375,20.896683,53.40554,14.46028
"9210","5am",9.985345,15.455616,54.99048,19.56856
"9211","5am",12.44705,25.697805,44.01878,17.836366
"9212","5am",11.599195,15.641914,52.68915,20.069744
"9302","5am",11.151597,20.152136,48.39565,20.300615
"9303","5am",10.841176,17.948446,57.62023,13.590146
"9304","5am",6.110814,19.925477,60.07462,13.88909
"9305","5am",10.794886,15.890564,58.0452,15.269346
"9306","5am",9.882068,22.332483,49.38995,18.395496
"9307","5am",14.078659,15.479526,56.17827,14.263544
"9308","5am",11.288988,15.827175,58.08261,14.801229
"9309","5am",12.390069,17.791708,57.45362,12.364601
"9310","5am",11.818532,18.756093,54.3784,15.04698
"9311","5am",13.980261,19.683627,52.9785,13.357609
"9312","5am",11.414073,26.805735,50.3457,11.434496
"9402","5am",12.981218,21.323933,50.90177,14.793076
"9403","5am",10.550463,21.778454,52.15074,15.520345
"9404","5am",10.180088,13.047904,61.09815,15.673858
"9405","5am",6.941187,17.610028,59.77154,15.677247
"9406","5am",16.85665,17.862061,51.06823,14.213056
"9407","5am",9.037887,21.616111,53.05736,16.288639
"9408","5am",7.622339,19.675684,51.78094,20.921032
"9409","5am",6.837977,20.867703,54.05574,18.238579
"9410","5am",15.182993,19.154359,51.78161,13.881033
"9411","5am",10.206068,20.659838,53.06298,16.071117
"9412","5am",9.236422,17.191818,57.94273,15.629034
"9413","5am",11.530466,18.604525,53.91909,15.945922
"9414","5am",13.696089,12.319915,58.47102,15.512973
"9501","5am",16.751611,23.825418,53.46302,5.959948
"9502","5am",13.420555,22.76326,51.21773,12.59846
"9503","5am",10.299232,19.871666,53.86769,15.961415
"9504","5am",8.355751,16.539911,58.69794,16.406401
"9505","5am",7.726446,18.040811,58.93803,15.294708
"9506","5am",15.534902,20.391321,53.465,10.608773
"9507","5am",12.475009,22.966787,51.36483,13.193372
"9508","5am",10.706407,17.896049,58.64825,12.749296
"9509","5am",7.644469,14.432862,65.58292,12.339753
"9510","5am",8.395352,16.481322,57.5844,17.538924
"9511","5am",6.300986,17.806765,56.17259,19.719655
"9512","5am",10.920029,18.817068,53.46119,16.801715
"9513","5am",7.257555,11.33755,65.93182,15.473078
"7501","6am",9.207654,19.187119,57.31247,14.292753
"7502","6am",14.935883,13.980293,51.07172,20.012104
"7503","6am",10.274083,15.451231,59.54783,14.726856
"7504","6am",8.400063,23.697824,56.22129,11.680828
"7505","6am",9.470245,17.18368,59.24977,14.096303
"7506","6am",9.027058,23.188619,50.05012,17.734206
"7507","6am",16.448399,19.543425,47.6222,16.385971
"7508","6am",12.059828,22.311603,48.03136,17.597205
"7509","6am",12.468509,19.197986,49.92519,18.408316
"7510","6am",8.540649,16.481973,50.98314,23.994237
"7511","6am",12.127913,19.476808,51.28443,17.110851
"7512","6am",10.980524,31.512411,44.83641,12.670651
"7513","6am",11.026359,18.12918,55.92012,14.924337
"7514","6am",10.115635,22.374177,51.85798,15.652205
"7701","6am",10.688237,26.316274,55.31764,7.677844
"7702","6am",8.792574,17.093929,63.32212,10.791376
"7703","6am",12.921392,22.602268,52.92992,11.546425
"7704","6am",13.942816,11.314541,57.80197,16.940673
"7705","6am",13.06922,9.460234,65.88787,11.582676
"7706","6am",8.665157,15.932342,56.68475,18.717749
"7707","6am",8.837558,12.756924,59.70527,18.70025
"7708","6am",12.596746,12.726089,57.72097,16.956198
"7709","6am",8.300077,12.504122,65.1937,14.002098
"7710","6am",9.289844,16.047477,60.82862,13.834061
"7711","6am",14.010525,9.774054,62.98618,13.229238
"7712","6am",9.968531,20.978412,50.64184,18.411221
"7713","6am",10.307535,13.4071,56.18663,20.098737
"7714","6am",14.046862,16.524504,48.46106,20.967569
"7715","6am",7.018466,13.925745,57.81888,21.236908
"7716","6am",14.517474,19.618467,57.8708,7.993254
"7801","6am",12.408877,15.47574,57.79325,14.322129
"7802","6am",8.406982,13.742655,57.19541,20.654949
"7803","6am",11.25653,13.419862,57.57392,17.749689
"7804","6am",12.962955,11.695013,55.76239,19.579646
"7805","6am",9.486912,18.179851,56.0398,16.293433
"7806","6am",8.661052,16.078288,58.92097,16.339685
"7807","6am",16.573328,17.46948,45.20235,20.754845
"7808","6am",11.162444,12.34214,65.41116,11.084261
"7809","6am",12.201925,21.409113,54.03531,12.353654
"7810","6am",7.586942,16.861664,53.76325,21.788141
"7811","6am",7.008507,16.413586,53.02863,23.549279
"7812","6am",12.09933,17.378233,49.68875,20.833691
"7813","6am",12.007313,7.25483,66.58847,14.149387
"7814","6am",7.997135,15.785957,56.42681,19.7901
"7815","6am",6.533844,20.54497,57.84914,15.072042
"7816","6am",10.779425,21.875473,59.74997,7.595128
"9101","6am",16.600594,23.418716,50.8257,9.154994
"9102","6am",8.017323,15.005649,61.07438,15.902647
"9103","6am",5.58791,17.445078,58.94448,18.022532
"9104","6am",5.996209,17.851127,55.47698,20.675679
"9105","6am",10.177147,16.036475,61.97357,11.812804
"9106","6am",15.923833,20.551439,47.89403,15.630703
"9107","6am",9.506374,15.513966,57.1112,17.868464
"9108","6am",13.455585,18.462178,51.68378,16.398453
"9109","6am",9.438132,16.720228,55.34389,18.497753
"9110","6am",11.928173,20.53938,52.60418,14.928271
"9111","6am",10.185187,17.738962,57.18037,14.895483
"9112","6am",8.455612,15.087057,59.9998,16.457528
"9113","6am",9.708037,17.604398,54.7963,17.891261
"9114","6am",13.841924,13.729022,55.65496,16.774098
"9201","6am",11.747211,20.72065,53.5677,13.964437
"9202","6am",11.463816,18.790618,55.38389,14.361678
"9203","6am",9.890149,20.761284,51.31817,18.030394
"9204","6am",14.416963,19.234681,52.7615,13.58686
"9205","6am",11.53694,24.70869,49.72091,14.033457
"9206","6am",8.571433,13.533534,62.10155,15.793486
"9207","6am",9.249515,10.293608,61.32524,19.13164
"9208","6am",9.399295,18.055861,54.00326,18.541587
"9209","6am",11.25706,20.933055,53.32444,14.485449
"9210","6am",10.220176,15.714654,54.47279,19.592385
"9211","6am",12.506022,26.107817,43.46529,17.920872
"9212","6am",11.660232,15.724224,52.44019,20.175355
"9302","6am",11.674808,19.332966,47.73914,21.253081
"9303","6am",10.881731,18.358199,57.11909,13.640985
"9304","6am",6.180734,20.153465,59.61779,14.048009
"9305","6am",10.462236,15.720397,58.00425,15.813119
"9306","6am",8.357684,23.438637,49.59572,18.60796
"9307","6am",14.058388,15.426241,55.8147,14.700675
"9308","6am",11.239763,16.17169,57.46514,15.123412
"9309","6am",12.162587,17.861909,57.52864,12.446865
"9310","6am",11.635195,18.737222,54.18935,15.438232
"9311","6am",14.587639,20.346759,51.12767,13.937936
"9312","6am",11.55448,27.001221,49.67425,11.770045
"9402","6am",13.150561,20.963104,51.22994,14.656391
"9403","6am",10.602348,21.052681,52.7483,15.596671
"9404","6am",9.746697,13.024058,61.58403,15.645213
"9405","6am",6.814426,18.060018,59.73461,15.390947
"9406","6am",17.481825,18.591028,49.18696,14.740186
"9407","6am",9.208157,21.970917,52.45213,16.368797
"9408","6am",7.767801,18.724827,52.18709,21.32028
"9409","6am",6.84243,20.61143,54.29568,18.250458
"9410","6am",15.336107,19.120628,51.52225,14.021016
"9411","6am",10.307807,19.677115,53.78376,16.231322
"9412","6am",9.083896,19.480247,55.5632,15.872662
"9413","6am",10.982986,19.274365,53.58481,16.157842
"9414","6am",13.407553,12.150336,58.72879,15.713319
"9501","6am",16.435152,24.528104,52.78096,6.255785
"9502","6am",14.404931,22.818899,50.12224,12.653929
"9503","6am",10.71289,19.911796,53.0796,16.295714
"9504","6am",8.289951,15.858616,58.96609,16.885345
"9505","6am",8.382639,16.96025,59.80547,14.851639
"9506","6am",15.798908,20.737859,52.67417,10.789062
"9507","6am",12.593384,23.18472,50.90333,13.318564
"9508","6am",10.664083,18.568859,57.53718,13.229874
"9509","6am",7.810592,14.463331,65.11817,12.607909
"9510","6am",8.363659,16.77759,57.38604,17.472712
"9511","6am",6.313499,17.842125,56.08556,19.758815
"9512","6am",11.21763,18.162128,53.36063,17.259607
"9513","6am",6.887577,11.3268,66.32722,15.458407
"7501","7am",8.991137,19.544688,57.01932,14.444853
"7502","7am",15.332931,12.309994,52.906,19.451074
"7503","7am",9.47909,14.824233,62.40441,13.292267
"7504","7am",7.310776,24.653676,57.36695,10.668594
"7505","7am",10.105857,17.162847,58.61027,14.121027
"7506","7am",8.08717,23.705666,51.69741,16.509753
"7507","7am",16.439371,18.74594,48.86409,15.950602
"7508","7am",11.798896,22.261937,48.7227,17.216463
"7509","7am",12.565064,19.714369,49.1697,18.550868
"7510","7am",8.524718,16.046637,50.56652,24.862128
"7511","7am",11.548301,19.107153,52.14184,17.202706
"7512","7am",10.742702,31.980792,44.37015,12.906357
"7513","7am",11.818174,16.972796,55.33032,15.87871
"7514","7am",10.134055,23.035683,51.14955,15.680707
"7701","7am",10.286417,25.868204,55.96613,7.87925
"7702","7am",9.137787,16.556366,63.4257,10.880151
"7703","7am",12.225966,23.290589,51.8632,12.620241
"7704","7am",14.0653,10.713353,56.99768,18.223671
"7705","7am",12.597745,9.399201,65.63882,12.364231
"7706","7am",7.986696,15.231993,56.58246,20.198848
"7707","7am",8.449037,12.355779,59.03444,20.160748
"7708","7am",13.477634,13.696713,54.0776,18.748049
"7709","7am",8.305717,12.010181,64.43831,15.245795
"7710","7am",9.835623,13.548694,61.66915,14.94653
"7711","7am",12.838798,9.571643,63.98186,13.607702
"7712","7am",9.481275,21.621396,49.44391,19.453419
"7713","7am",10.808593,13.115803,54.30587,21.769734
"7714","7am",13.487794,15.579839,49.13655,21.795812
"7715","7am",6.238611,13.309298,57.47733,22.974766
"7716","7am",14.60496,19.180846,57.60758,8.606612
"7801","7am",12.511264,13.738802,58.86016,14.88977
"7802","7am",8.862007,14.592961,54.35364,22.191395
"7803","7am",10.638311,13.108602,58.21426,18.038824
"7804","7am",12.423562,11.889042,54.82084,20.866559
"7805","7am",9.633548,18.689722,54.94761,16.729119
"7806","7am",7.395016,14.921328,60.80639,16.877269
"7807","7am",15.178017,17.076655,44.82881,22.916515
"7808","7am",10.668749,12.652884,64.48659,12.191775
"7809","7am",13.228417,19.522933,53.91598,13.332672
"7810","7am",6.700604,16.281504,54.67113,22.346759
"7811","7am",6.278245,18.116029,51.39203,24.2137
"7812","7am",12.513087,16.315012,49.94219,21.229708
"7813","7am",11.387409,6.759862,67.09715,14.755583
"7814","7am",8.012388,15.215362,56.07252,20.699732
"7815","7am",6.395338,22.149401,55.20619,16.249073
"7816","7am",10.188194,22.92305,59.10651,7.782245
"9101","7am",16.145005,24.167268,50.36322,9.324503
"9102","7am",8.701435,14.236138,60.94972,16.112705
"9103","7am",5.208799,16.782393,58.43743,19.571375
"9104","7am",6.310707,18.273732,53.65546,21.760105
"9105","7am",10.010909,15.884631,62.04709,12.057375
"9106","7am",16.921795,18.131561,47.72012,17.226522
"9107","7am",9.854442,15.195908,55.76443,19.185226
"9108","7am",13.673514,18.994575,50.0529,17.279014
"9109","7am",9.096823,17.015912,55.93329,17.95398
"9110","7am",12.126528,20.037687,52.03578,15.800005
"9111","7am",9.736784,18.688392,56.53204,15.042779
"9112","7am",8.529133,15.42575,58.28891,17.756203
"9113","7am",9.871107,17.740483,53.84841,18.539997
"9114","7am",14.719323,12.020635,55.42268,17.837358
"9201","7am",11.461906,22.144985,52.41614,13.976968
"9202","7am",11.235139,18.165858,56.14539,14.453609
"9203","7am",8.888957,20.588125,52.68368,17.839239
"9204","7am",14.4701,19.027425,53.66998,12.832491
"9205","7am",11.025843,25.433023,49.70731,13.833826
"9206","7am",8.743791,13.483542,61.6616,16.111068
"9207","7am",9.32602,10.260367,60.78024,19.633374
"9208","7am",9.791008,17.8471,54.03468,18.327211
"9209","7am",11.006839,20.506971,53.48653,14.999656
"9210","7am",10.609199,15.271783,54.07555,20.043463
"9211","7am",12.463756,27.509278,41.79431,18.232651
"9212","7am",11.145517,16.150644,52.23969,20.464145
"9302","7am",12.63546,19.208151,46.43232,21.724066
"9303","7am",10.652488,17.35954,58.18917,13.798797
"9304","7am",6.452293,20.454141,58.42834,14.665228
"9305","7am",11.021607,14.783341,57.53647,16.658579
"9306","7am",8.758531,24.803917,46.93713,19.500425
"9307","7am",13.890766,14.504474,56.58638,15.018383
"9308","7am",11.851839,14.40036,57.51488,16.232919
"9309","7am",12.445922,17.933642,55.94816,13.672277
"9310","7am",11.909972,19.093904,52.16391,16.832211
"9311","7am",14.492547,21.124532,49.71942,14.663502
"9312","7am",11.609651,26.085173,50.34804,11.957141
"9402","7am",12.932192,20.576721,51.65056,14.840524
"9403","7am",10.928622,21.071789,52.49535,15.504243
"9404","7am",9.834182,12.937452,60.71138,16.516982
"9405","7am",6.644252,18.374127,59.60328,15.378346
"9406","7am",17.759297,18.645001,48.78543,14.81027
"9407","7am",8.480416,22.121943,52.42994,16.967698
"9408","7am",8.158635,18.708475,50.73989,22.393004
"9409","7am",7.03898,18.349859,55.83646,18.774704
"9410","7am",14.540844,17.319499,53.1434,14.996261
"9411","7am",10.288331,18.993201,53.66535,17.053116
"9412","7am",7.654176,19.582124,56.66727,16.096429
"9413","7am",11.725684,18.744746,52.27909,17.250476
"9414","7am",12.663266,12.149569,58.46026,16.726902
"9501","7am",15.537006,23.536018,54.31787,6.609111
"9502","7am",15.672151,21.844929,48.96357,13.519355
"9503","7am",11.083016,21.00731,50.76333,17.146343
"9504","7am",8.322045,15.960983,58.70043,17.016547
"9505","7am",8.439981,16.454064,59.79075,15.315208
"9506","7am",15.596124,19.910864,53.46584,11.027169
"9507","7am",13.644339,23.039509,48.88612,14.430037
"9508","7am",11.203258,17.138301,57.84518,13.813256
"9509","7am",8.066436,14.111503,63.90952,13.912544
"9510","7am",8.435433,17.105235,55.51104,18.948288
"9511","7am",6.257429,16.097276,56.62836,21.01693
"9512","7am",11.221385,18.046164,52.84258,17.88987
"9513","7am",6.741237,10.837781,66.03408,16.386907
"7501","8am",7.772686,18.987933,59.96982,13.269559
"7502","8am",17.218105,13.120901,51.92424,17.736751
"7503","8am",10.060772,17.912667,60.90331,11.123246
"7504","8am",6.138859,25.7251,57.20537,10.930669
"7505","8am",10.796879,17.523213,56.95611,14.723796
"7506","8am",6.526535,23.538359,53.343,16.592106
"7507","8am",16.82804,18.520322,48.82209,15.82955
"7508","8am",11.547459,21.511512,49.24245,17.698576
"7509","8am",13.438136,18.002491,50.09354,18.465829
"7510","8am",8.482787,15.910029,50.58645,25.020733
"7511","8am",9.978627,17.233905,55.85307,16.934401
"7512","8am",10.391896,30.328947,45.46842,13.810738
"7513","8am",11.037529,16.343952,57.87823,14.740293
"7514","8am",10.76419,24.226037,48.48692,16.522853
"7701","8am",11.012734,25.825689,54.95538,8.206194
"7702","8am",10.666238,17.523831,60.15346,11.656471
"7703","8am",11.407294,21.547215,53.53921,13.506282
"7704","8am",14.000519,11.053754,55.82062,19.125103
"7705","8am",12.469081,8.108127,66.95515,12.467641
"7706","8am",9.389962,14.003503,54.94,21.66653
"7707","8am",7.971724,12.812942,57.08245,22.132884
"7708","8am",13.064378,13.629591,51.50418,21.801849
"7709","8am",7.557009,11.351555,64.95353,16.137907
"7710","8am",8.379095,14.385868,61.05028,16.184759
"7711","8am",10.995591,8.408524,65.23632,15.359563
"7712","8am",9.450606,20.447743,49.61474,20.486908
"7713","8am",9.768022,11.766263,55.89346,22.572255
"7714","8am",11.046328,13.11152,50.2862,25.555951
"7715","8am",6.183035,13.791969,55.10094,24.924054
"7716","8am",11.829763,19.732781,57.56594,10.871517
"7801","8am",10.09393,13.320016,58.13326,18.452792
"7802","8am",7.301084,16.197909,51.08015,25.420853
"7803","8am",9.868442,11.041632,58.90275,20.187174
"7804","8am",11.953781,11.419521,53.08258,23.544115
"7805","8am",8.427381,18.138482,55.5084,17.925735
"7806","8am",5.310214,16.108755,60.40247,18.178563
"7807","8am",13.117754,15.131321,47.90517,23.84576
"7808","8am",9.062146,13.409338,63.9127,13.615815
"7809","8am",9.979621,19.467979,56.76231,13.790091
"7810","8am",4.031828,17.303526,53.45966,25.204985
"7811","8am",4.413113,17.22473,50.55921,27.802947
"7812","8am",12.552626,17.484008,50.04496,19.918402
"7813","8am",12.635718,8.090728,61.99678,17.27677
"7814","8am",7.580238,15.487065,51.72345,25.209246
"7815","8am",4.518986,21.554503,54.87455,19.051959
"7816","8am",8.667208,22.129426,61.46637,7.736996
"9101","8am",17.846035,21.859845,51.88833,8.405795
"9102","8am",7.788867,13.808843,60.17607,18.226217
"9103","8am",5.010694,13.162259,59.3556,22.471443
"9104","8am",6.86913,17.127815,48.86542,27.137632
"9105","8am",7.648491,14.530127,63.44867,14.37271
"9106","8am",14.308,18.250843,50.51711,16.924045
"9107","8am",7.278618,13.817401,56.79599,22.107994
"9108","8am",13.962577,16.84182,49.39725,19.798351
"9109","8am",8.63467,16.824681,55.89513,18.645515
"9110","8am",10.266943,18.00347,53.77784,17.951743
"9111","8am",8.898327,17.056365,57.9837,16.061608
"9112","8am",6.239772,16.103632,57.71335,19.943248
"9113","8am",8.324113,17.491952,54.04628,20.13766
"9114","8am",15.918405,12.936738,51.90089,19.243971
"9201","8am",12.091622,19.506884,52.89731,15.504188
"9202","8am",11.221941,17.354823,54.56557,16.857662
"9203","8am",9.179461,20.867542,52.08288,17.870114
"9204","8am",12.18082,19.308707,55.52439,12.986079
"9205","8am",9.726205,22.849861,53.89175,13.532182
"9206","8am",9.008292,13.586033,61.73212,15.67356
"9207","8am",8.095922,10.755852,60.01438,21.133849
"9208","8am",9.00936,17.616261,53.99316,19.381222
"9209","8am",9.814783,20.737006,53.59462,15.853594
"9210","8am",9.299651,17.448063,52.18879,21.063494
"9211","8am",11.83612,28.476447,40.65658,19.030856
"9212","8am",9.659258,16.966739,50.95308,22.420922
"9302","8am",8.792024,18.977663,48.56738,23.662937
"9303","8am",10.862682,18.16652,57.49364,13.477156
"9304","8am",6.450844,19.081692,59.68493,14.782535
"9305","8am",9.248564,18.039099,52.10372,20.60862
"9306","8am",10.239919,21.428605,46.4907,21.840775
"9307","8am",12.659388,12.662679,58.11093,16.567002
"9308","8am",11.832418,15.642535,55.62964,16.895408
"9309","8am",10.9194,18.851306,55.6752,14.554096
"9310","8am",11.366451,19.072683,51.93488,17.625989
"9311","8am",14.859037,21.65799,48.45702,15.025958
"9312","8am",11.380369,24.085172,53.23349,11.30097
"9402","8am",10.756096,20.812024,53.49955,14.932332
"9403","8am",9.660309,20.294766,55.19173,14.853199
"9404","8am",9.554715,13.475297,60.865,16.104986
"9405","8am",6.559621,17.467375,59.83795,16.135055
"9406","8am",17.235338,18.740804,50.09333,13.930531
"9407","8am",7.811126,21.105259,51.49433,19.589282
"9408","8am",10.93263,17.40916,48.38354,23.274666
"9409","8am",7.276561,19.118887,53.67124,19.933313
"9410","8am",11.902285,18.088997,52.28221,17.726503
"9411","8am",10.425674,16.729677,54.5637,18.280949
"9412","8am",7.796628,18.798731,54.19838,19.20626
"9413","8am",14.057396,17.812585,50.38666,17.743358
"9414","8am",8.545418,13.442319,59.05371,18.958551
"9501","8am",13.305022,22.694046,56.51691,7.484022
"9502","8am",14.440317,20.404249,50.62642,14.529015
"9503","8am",10.707914,18.115774,50.93818,20.238135
"9504","8am",6.913711,16.842376,55.50814,20.735769
"9505","8am",6.848602,17.706199,58.85675,16.588448
"9506","8am",14.317151,21.585236,52.15335,11.94426
"9507","8am",13.90491,21.795432,48.38601,15.913651
"9508","8am",10.032274,16.73185,58.3889,14.846979
"9509","8am",6.240389,12.194058,65.03551,16.530044
"9510","8am",8.459866,19.486876,49.99472,22.058541
"9511","8am",6.272842,16.531438,54.27751,22.918211
"9512","8am",10.28689,20.630447,47.87328,21.209382
"9513","8am",6.503068,11.686715,60.10719,21.703031
"7501","9am",7.350721,18.700756,64.02462,9.923901
"7502","9am",20.163972,15.715574,49.99278,14.127676
"7503","9am",8.188858,19.060322,65.59417,7.156653
"7504","9am",8.778509,23.795877,58.11783,9.307781
"7505","9am",12.18295,22.09626,52.38045,13.340343
"7506","9am",6.989083,22.219556,54.20454,16.586816
"7507","9am",19.246473,16.450447,49.07758,15.225503
"7508","9am",11.605466,17.680734,51.84732,18.866481
"7509","9am",15.668941,14.340477,51.81989,18.170691
"7510","9am",8.606368,14.147513,53.17242,24.073698
"7511","9am",10.496332,15.100578,56.43735,17.96574
"7512","9am",11.352172,27.606656,46.10663,14.934546
"7513","9am",10.437543,17.584133,56.27814,15.700184
"7514","9am",12.038436,23.300119,47.1487,17.512741
"7701","9am",10.634227,24.881271,55.86606,8.618437
"7702","9am",14.09269,16.255651,58.48417,11.16749
"7703","9am",12.115027,20.771837,53.96384,13.149294
"7704","9am",16.890878,12.57782,52.1066,18.424706
"7705","9am",12.851739,8.483872,68.92157,9.742817
"7706","9am",9.517553,13.02359,54.99406,22.464802
"7707","9am",9.738202,11.600373,58.3381,20.323328
"7708","9am",12.48987,12.954353,50.00939,24.546389
"7709","9am",6.323925,15.220595,62.7518,15.70368
"7710","9am",9.904702,13.222241,58.23776,18.6353
"7711","9am",11.605579,12.996124,58.39303,17.005271
"7712","9am",9.799749,16.002047,53.88822,20.309981
"7713","9am",11.899563,12.181364,51.93955,23.979525
"7714","9am",17.930279,10.013658,47.50321,24.552855
"7715","9am",4.801225,15.384471,54.87735,24.936951
"7716","9am",11.581615,19.670642,59.99204,8.755702
"7801","9am",12.612203,11.931243,50.47427,24.982288
"7802","9am",8.805036,19.07077,45.71691,26.407284
"7803","9am",10.94376,8.476368,57.13617,23.443698
"7804","9am",11.44484,9.197942,53.02107,26.336148
"7805","9am",9.996337,18.521732,53.32796,18.153974
"7806","9am",5.285781,15.96093,59.56293,19.190361
"7807","9am",15.222825,15.297449,46.58931,22.890415
"7808","9am",10.320793,16.097389,59.36236,14.219461
"7809","9am",12.079034,15.977367,56.80529,15.138308
"7810","9am",5.325222,17.580764,50.47384,26.620174
"7811","9am",3.609204,17.526758,46.69131,32.172724
"7812","9am",13.121615,18.501739,49.0075,19.369142
"7813","9am",10.996877,7.496904,63.2392,18.267016
"7814","9am",6.93302,11.455606,54.67374,26.937637
"7815","9am",8.466447,20.670602,51.50904,19.353906
"7816","9am",10.947071,17.555727,64.2828,7.214401
"9101","9am",16.49952,21.35986,54.54205,7.598575
"9102","9am",8.431591,13.795527,56.51589,21.256989
"9103","9am",4.489338,14.126249,58.88257,22.501842
"9104","9am",6.734538,11.984909,50.2962,30.984353
"9105","9am",5.952621,17.210894,62.78443,14.052055
"9106","9am",16.089332,16.977972,48.46557,18.467122
"9107","9am",5.516225,13.681852,53.55441,27.247513
"9108","9am",14.089909,14.837041,51.92623,19.146818
"9109","9am",10.055133,14.300677,55.26936,20.374828
"9110","9am",7.207161,20.610867,54.09486,18.087114
"9111","9am",8.721257,17.298149,61.1716,12.808997
"9112","9am",9.950185,16.495151,53.15054,20.40412
"9113","9am",9.069709,18.784148,54.17595,17.97019
"9114","9am",13.574212,16.541609,51.42019,18.463992
"9201","9am",12.907995,20.582614,49.08917,17.420218
"9202","9am",13.05856,16.607428,51.57649,18.757527
"9203","9am",10.291513,19.553807,53.1856,16.96908
"9204","9am",13.442738,20.214693,56.58213,9.760434
"9205","9am",8.893538,24.422354,57.63324,9.050868
"9206","9am",7.221568,15.333763,61.34509,16.099575
"9207","9am",8.811313,11.929823,55.25534,24.003528
"9208","9am",9.401837,20.05656,50.27082,20.270782
"9209","9am",7.84432,18.471906,57.88564,15.798135
"9210","9am",11.900172,14.744626,49.92051,23.434692
"9211","9am",11.722209,28.805316,41.36698,18.105494
"9212","9am",7.541465,16.98229,53.13911,22.337135
"9302","9am",8.049507,16.41738,49.46864,26.064471
"9303","9am",12.222996,15.993983,57.42557,14.357452
"9304","9am",8.089515,18.585591,60.76005,12.564842
"9305","9am",6.192369,17.443331,53.2443,23.119997
"9306","9am",9.249847,19.600669,47.92124,23.228244
"9307","9am",11.500702,14.113255,56.74488,17.641164
"9308","9am",12.59918,16.61838,54.70898,16.073456
"9309","9am",10.356978,19.90267,56.56574,13.174616
"9310","9am",11.702488,19.160555,51.88311,17.253844
"9311","9am",14.926209,20.293775,49.17945,15.600567
"9312","9am",11.737747,24.789987,53.36296,10.109307
"9402","9am",12.326349,20.247913,52.24495,15.18079
"9403","9am",8.644443,20.10795,57.0813,14.166307
"9404","9am",10.333243,12.798475,60.10682,16.761467
"9405","9am",5.449813,20.724357,58.50866,15.317174
"9406","9am",18.128217,17.183984,51.65738,13.030418
"9407","9am",6.752077,19.652263,51.25651,22.339155
"9408","9am",14.64468,18.963897,40.84232,25.549101
"9409","9am",6.924147,15.67252,55.70092,21.70241
"9410","9am",10.729629,18.705558,52.73381,17.831005
"9411","9am",9.408521,17.992421,55.6698,16.929261
"9412","9am",8.160082,24.398358,48.28919,19.152369
"9413","9am",15.411926,13.712428,51.42344,19.452201
"9414","9am",6.968145,14.631253,58.55297,19.847627
"9501","9am",15.797703,22.859313,54.33296,7.010028
"9502","9am",13.293173,19.064231,54.15183,13.490762
"9503","9am",10.901364,16.072777,51.61185,21.414008
"9504","9am",6.755148,10.526141,57.74946,24.969248
"9505","9am",4.0615,20.959545,58.16452,16.81443
"9506","9am",14.779697,17.823313,55.11532,12.281672
"9507","9am",13.362273,20.593444,49.92451,16.119772
"9508","9am",8.21553,16.53547,60.16452,15.08448
"9509","9am",8.469962,10.858303,60.39529,20.276445
"9510","9am",8.854406,18.632719,49.1793,23.333578
"9511","9am",9.031173,12.969661,52.86049,25.138681
"9512","9am",11.732472,21.54885,43.0048,23.713881
"9513","9am",4.458344,9.850902,61.19689,24.493863
"7501","10am",8.445374,17.432536,65.33348,8.788614
"7502","10am",18.14237,18.638603,49.83688,13.382145
"7503","10am",8.513808,22.73628,61.7158,7.034108
"7504","10am",12.800085,21.451135,58.72496,7.02382
"7505","10am",14.597397,21.304845,49.63195,14.465806
"7506","10am",7.535072,23.839967,53.48045,15.14451
"7507","10am",17.504661,17.158044,53.03122,12.306072
"7508","10am",9.737162,18.339347,55.67026,16.253227
"7509","10am",14.970491,13.498861,53.62283,17.907822
"7510","10am",10.009514,13.425195,55.44481,21.120482
"7511","10am",7.378624,17.055624,58.73257,16.833185
"7512","10am",9.815029,26.764844,48.80414,14.615989
"7513","10am",13.41885,16.893712,54.34703,15.340413
"7514","10am",11.670689,23.092045,48.12639,17.110877
"7701","10am",11.744876,23.489435,56.54738,8.218306
"7702","10am",13.839778,17.814172,57.89131,10.454744
"7703","10am",10.693721,19.942322,54.30218,15.06178
"7704","10am",14.620568,13.191742,53.03096,19.156732
"7705","10am",13.635798,7.925972,66.53448,11.903753
"7706","10am",9.689146,11.193772,55.09132,24.025765
"7707","10am",9.602193,12.17208,58.17998,20.045747
"7708","10am",13.164233,13.07347,49.84887,23.913429
"7709","10am",7.487556,16.526844,60.35053,15.635073
"7710","10am",7.461505,11.462548,60.40517,20.670779
"7711","10am",11.007446,13.64764,58.06328,17.281636
"7712","10am",9.109986,14.856356,55.90979,20.123869
"7713","10am",12.027948,12.670998,51.06281,24.238241
"7714","10am",16.977504,11.711602,48.16372,23.147174
"7715","10am",5.538385,14.66913,53.95981,25.832672
"7716","10am",10.840146,21.610812,57.89122,9.657818
"7801","10am",11.460972,11.786118,50.22738,26.525527
"7802","10am",9.040822,18.538199,46.13258,26.288396
"7803","10am",10.331406,9.028127,58.41632,22.22415
"7804","10am",10.575029,7.582573,52.4348,29.407596
"7805","10am",11.622625,19.335398,51.8054,17.236574
"7806","10am",5.353849,16.912064,59.27863,18.45546
"7807","10am",13.50453,14.676374,48.34545,23.473643
"7808","10am",9.767865,16.388253,60.69492,13.148963
"7809","10am",11.883554,15.596334,57.31085,15.209259
"7810","10am",5.346431,16.061351,47.27801,31.314203
"7811","10am",3.625109,19.192768,44.86762,32.314507
"7812","10am",11.710735,19.209067,52.1091,16.9711
"7813","10am",12.981506,8.228947,60.74289,18.046661
"7814","10am",5.98044,10.436355,54.92267,28.660539
"7815","10am",9.531464,21.263109,53.05567,16.149757
"7816","10am",9.888247,21.663253,61.78644,6.662056
"9101","10am",18.713293,19.890051,54.90393,6.492724
"9102","10am",6.908307,12.721734,58.46439,21.905564
"9103","10am",5.770696,14.360226,58.03318,21.835902
"9104","10am",6.258187,12.066914,46.46168,35.213216
"9105","10am",5.395151,17.388759,63.63718,13.57891
"9106","10am",14.532473,17.0232,52.25056,16.193769
"9107","10am",6.330627,14.609524,52.75139,26.308455
"9108","10am",15.505038,15.5317,50.63359,18.32967
"9109","10am",10.094747,14.278686,55.90535,19.72122
"9110","10am",7.725592,22.203707,52.82837,17.242336
"9111","10am",8.037849,18.60956,60.40397,12.948624
"9112","10am",9.488754,18.011626,53.20008,19.299536
"9113","10am",8.722558,18.653396,56.69069,15.933356
"9114","10am",13.286983,18.123188,49.37417,19.215654
"9201","10am",14.987884,18.035869,51.06341,15.912837
"9202","10am",11.958724,16.592335,54.45196,16.996983
"9203","10am",9.61084,20.077636,55.75566,14.555864
"9204","10am",12.997504,23.051254,56.19187,7.759369
"9205","10am",8.897079,26.402874,58.32012,6.379927
"9206","10am",8.224891,17.282358,61.19865,13.294102
"9207","10am",10.373029,15.133133,53.24783,21.246006
"9208","10am",11.385436,20.662359,48.87876,19.073449
"9209","10am",7.740103,20.070381,58.89919,13.290329
"9210","10am",14.029021,14.583506,51.88626,19.501217
"9211","10am",9.663063,28.822406,42.24424,19.270286
"9212","10am",7.103923,17.997946,52.61391,22.28422
"9302","10am",8.044267,18.384641,48.40906,25.162035
"9303","10am",12.261878,18.874815,55.835,13.028307
"9304","10am",7.165787,18.782471,61.85882,12.192917
"9305","10am",7.470043,17.967282,50.81417,23.748508
"9306","10am",9.129176,19.634669,48.43864,22.797516
"9307","10am",12.393471,14.637471,56.29165,16.677411
"9308","10am",12.234163,17.205937,55.01415,15.545753
"9309","10am",9.517437,19.988311,59.00114,11.493108
"9310","10am",10.884225,20.270551,52.08871,16.756518
"9311","10am",15.685778,19.567533,48.12057,16.626117
"9312","10am",12.026171,25.441834,55.87182,6.660171
"9402","10am",11.793752,19.113722,54.59566,14.496866
"9403","10am",9.204747,22.220115,53.8001,14.775043
"9404","10am",10.746256,12.14089,59.22575,17.887103
"9405","10am",5.161881,20.269384,59.44453,15.124208
"9406","10am",16.931924,16.431987,53.89912,12.736971
"9407","10am",5.587722,21.938627,52.4936,19.980053
"9408","10am",14.714601,17.902125,43.94641,23.436866
"9409","10am",6.593411,16.882698,54.39,22.133891
"9410","10am",10.221731,18.172633,56.69421,14.911427
"9411","10am",7.784573,17.824691,58.0314,16.359339
"9412","10am",4.69055,20.333394,53.93525,21.04081
"9413","10am",17.182621,13.751309,50.5499,18.516166
"9414","10am",11.598011,13.214999,55.15565,20.031339
"9501","10am",16.198542,21.982767,55.3429,6.475795
"9502","10am",13.030656,19.561663,55.51131,11.896371
"9503","10am",11.005194,15.077357,53.62523,20.292219
"9504","10am",6.901863,16.442641,52.90356,23.75194
"9505","10am",3.463716,21.248048,61.07442,14.213818
"9506","10am",12.627639,16.68361,56.23157,14.457177
"9507","10am",15.224204,20.734236,53.03139,11.010172
"9508","10am",8.4423,17.872272,60.05674,13.628692
"9509","10am",11.500499,10.481229,54.96231,23.055966
"9510","10am",7.406996,17.454444,52.65146,22.487096
"9511","10am",8.343705,11.524641,50.61493,29.516726
"9512","10am",12.785088,19.657431,43.364,24.193483
"9513","10am",4.504469,11.694044,58.04446,25.75703
"7501","11am",7.632355,18.38774,63.82473,10.155172
"7502","11am",19.946123,18.499976,48.21889,13.335014
"7503","11am",8.114058,22.868656,62.76707,6.250211
"7504","11am",15.113783,20.792215,57.53823,6.555776
"7505","11am",13.709325,20.671067,48.33403,17.285579
"7506","11am",9.208286,23.854344,52.63005,14.307317
"7507","11am",17.215748,16.404778,53.58719,12.792288
"7508","11am",9.209189,19.637722,55.33954,15.813548
"7509","11am",14.99135,14.477345,53.19812,17.333186
"7510","11am",10.846046,13.398745,53.37783,22.377376
"7511","11am",8.284588,15.849368,58.47662,17.389419
"7512","11am",10.740591,26.94545,46.92942,15.384542
"7513","11am",13.050909,18.030124,53.46909,15.449873
"7514","11am",11.552777,21.800037,51.4354,15.211787
"7701","11am",11.213072,23.419074,56.30939,9.058463
"7702","11am",13.636785,18.069326,57.66399,10.629897
"7703","11am",10.378044,18.703484,56.44156,14.476912
