"district","hour","cleduc1","cleduc2","cleduc3","cleduc4"
"7501","4am",6.77552,14.585372,23.24689,55.392218
"7502","4am",6.748368,4.678043,28.71649,59.857096
"7503","4am",9.341299,15.343231,23.99161,51.323858
"7504","4am",8.061654,15.093686,28.61011,48.234547
"7505","4am",12.946422,14.385427,19.70238,52.965774
"7506","4am",11.077709,13.992438,31.37365,43.556207
"7507","4am",13.658424,14.567802,28.65249,43.121281
"7508","4am",5.484238,12.373705,25.1565,56.985552
"7509","4am",10.709393,11.210828,24.15393,53.925846
"7510","4am",6.026413,10.09205,29.08482,54.796714
"7511","4am",13.682456,11.040477,29.94914,45.327925
"7512","4am",17.902895,14.038361,23.68358,44.375166
"7513","4am",29.973563,22.327553,17.33848,30.360408
"7514","4am",24.464365,18.917874,26.04312,30.57464
"7701","4am",14.725676,34.50049,35.91684,14.85699
"7702","4am",19.868082,33.249459,22.88677,23.995687
"7703","4am",18.773351,43.53776,25.35469,12.3342
"7704","4am",37.166679,29.942535,25.21386,7.67693
"7705","4am",26.827611,45.146772,21.10765,6.917963
"7706","4am",30.341259,44.482821,20.22715,4.948768
"7707","4am",40.37478,40.65115,14.18818,4.78589
"7708","4am",15.096895,44.619465,25.24679,15.036846
"7709","4am",30.494115,29.345,32.74045,7.420434
"7710","4am",13.877848,28.977222,42.67491,14.47002
"7711","4am",30.026189,31.204649,22.8972,15.871964
"7712","4am",23.760576,43.518319,17.84844,14.872665
"7713","4am",40.093946,32.044803,21.74635,6.114902
"7714","4am",20.718846,36.611416,27.26362,15.406116
"7715","4am",33.748484,44.507915,16.64915,5.094454
"7716","4am",22.886609,41.324986,27.80969,7.978718
"7801","4am",19.508671,26.064174,22.05673,32.370427
"7802","4am",9.610355,18.266961,31.40771,40.714978
"7803","4am",13.128259,23.846352,34.67721,28.348175
"7804","4am",22.227312,24.659806,29.07565,24.037232
"7805","4am",13.693763,37.056089,30.0948,19.15535
"7806","4am",25.909951,42.37183,21.46569,10.252528
"7807","4am",33.987745,39.615495,20.91915,5.477611
"7808","4am",31.8139,41.725295,18.51675,7.944053
"7809","4am",16.944277,34.67341,27.1719,21.210418
"7810","4am",11.657729,38.292193,29.58741,20.462668
"7811","4am",11.012553,23.396446,34.48076,31.11024
"7812","4am",8.450849,21.91985,27.61046,42.018841
"7813","4am",12.688651,35.232259,30.51931,21.559779
"7814","4am",7.708348,36.434958,33.76581,22.090885
"7815","4am",21.500074,32.905973,30.07925,15.514701
"7816","4am",15.17612,33.827665,31.83577,19.160444
"9101","4am",24.876788,33.025843,26.9221,15.175274
"9102","4am",21.789767,31.278417,27.1384,19.793418
"9103","4am",27.224817,34.634172,24.68945,13.451565
"9104","4am",22.109474,38.533165,23.24717,16.110194
"9105","4am",17.854894,37.094087,30.47778,14.573243
"9106","4am",27.257838,31.528534,28.72633,12.487298
"9107","4am",25.186086,35.486983,27.69886,11.628071
"9108","4am",16.213271,35.868563,26.73015,21.188018
"9109","4am",21.193147,26.70092,34.11206,17.993869
"9110","4am",30.081677,32.646019,24.82876,12.44354
"9111","4am",23.042282,23.745528,32.54889,20.663302
"9112","4am",18.520515,29.989833,32.62495,18.8647
"9113","4am",12.562815,26.491679,33.52567,27.419831
"9114","4am",7.458773,22.007744,37.44611,33.08737
"9201","4am",28.231587,17.298006,31.44581,23.0246
"9202","4am",19.432138,28.119114,29.49992,22.948826
"9203","4am",14.329422,15.94482,32.39983,37.325932
"9204","4am",20.435537,30.529523,29.82695,19.20799
"9205","4am",8.382984,23.166946,25.11103,43.339038
"9206","4am",6.819232,25.898113,25.19853,42.084129
"9207","4am",3.596923,10.336495,35.77321,50.293369
"9208","4am",9.131914,21.417633,28.05348,41.396973
"9209","4am",15.042829,18.010508,31.39087,35.555789
"9210","4am",12.669961,18.03387,26.90474,42.391427
"9211","4am",24.150192,23.901491,26.61296,25.335357
"9212","4am",11.709938,27.07543,32.96163,28.252997
"9302","4am",27.843888,40.010449,20.98229,11.16337
"9303","4am",27.305205,22.503256,31.24864,18.942895
"9304","4am",31.03576,33.599958,19.21399,16.150297
"9305","4am",32.841403,36.447975,20.63628,10.074344
"9306","4am",29.813246,27.071983,27.94362,15.171153
"9307","4am",29.495353,34.755147,24.94511,10.804392
"9308","4am",31.901775,31.894857,27.71305,8.490317
"9309","4am",40.019603,29.31247,24.36865,6.299278
"9310","4am",28.421339,38.735552,27.94797,4.895134
"9311","4am",45.659455,24.43824,19.55307,10.349234
"9312","4am",37.867649,32.375989,16.92343,12.832937
"9402","4am",24.422403,41.301447,16.87149,17.404657
"9403","4am",25.108603,28.946754,20.09451,25.85013
"9404","4am",29.597268,30.063502,27.77557,12.563658
"9405","4am",15.86805,30.710811,35.80699,17.614148
"9406","4am",26.579267,36.821995,22.10032,14.498422
"9407","4am",21.54365,24.869243,26.38283,27.204277
"9408","4am",13.439151,28.242349,23.6564,34.662104
"9409","4am",15.439281,15.219751,35.62707,33.713895
"9410","4am",29.238506,30.086755,30.11391,10.560827
"9411","4am",35.894802,34.818742,21.62477,7.661681
"9412","4am",36.63832,27.789192,15.12109,20.451395
"9413","4am",31.274223,31.410306,28.83636,8.479109
"9414","4am",17.144572,32.537429,35.10528,15.212715
"9501","4am",18.85917,34.411948,31.31882,15.410059
"9502","4am",33.43451,32.23065,22.73055,11.604294
"9503","4am",26.565017,35.655785,22.89553,14.883664
"9504","4am",26.543184,32.792641,25.5319,15.13227
"9505","4am",31.23428,36.080001,29.63474,3.050981
"9506","4am",39.464497,29.506626,24.39407,6.634805
"9507","4am",43.906022,31.809723,20.92728,3.356979
"9508","4am",23.510118,40.909478,23.22798,12.352422
"9509","4am",22.562199,27.625695,34.64213,15.169971
"9510","4am",18.026016,36.003511,31.3431,14.627374
"9511","4am",15.586246,32.692558,25.60063,26.120568
"9512","4am",20.715405,27.934834,30.80608,20.543683
"9513","4am",22.609582,28.44018,28.7601,20.190137
"7501","5am",6.77552,14.585372,23.24689,55.392218
"7502","5am",6.731233,4.920081,28.64358,59.705109
"7503","5am",9.341299,15.343231,23.99161,51.323858
"7504","5am",8.025229,15.477322,28.48084,48.016607
"7505","5am",12.946422,14.385427,19.70238,52.965774
"7506","5am",11.077709,13.992438,31.37365,43.556207
"7507","5am",13.446566,14.546378,28.94919,43.057866
"7508","5am",5.118135,12.421634,25.25395,57.206283
"7509","5am",10.639639,11.137807,24.64795,53.574606
"7510","5am",6.081816,9.108312,29.50939,55.300482
"7511","5am",13.323823,11.611566,29.64246,45.422155
"7512","5am",17.941885,14.068935,23.51737,44.47181
"7513","5am",29.973563,22.327553,17.33848,30.360408
"7514","5am",24.524794,18.717595,26.10745,30.650162
"7701","5am",14.482911,35.066502,35.83853,14.612061
"7702","5am",19.441475,33.426473,23.00862,24.123436
"7703","5am",18.809196,43.620888,25.21217,12.35775
"7704","5am",37.428265,29.913116,24.98923,7.669387
"7705","5am",27.295825,44.655488,21.00999,7.0387
"7706","5am",30.187516,44.186407,20.58882,5.037254
"7707","5am",41.144948,40.238767,13.7391,4.877183
"7708","5am",15.133383,44.485615,25.30781,15.073189
"7709","5am",29.505767,29.964712,33.04097,7.488546
"7710","5am",14.789766,28.111892,42.64012,14.458223
"7711","5am",29.332746,31.363004,23.39346,15.910785
"7712","5am",23.561073,43.991472,17.41309,15.034368
"7713","5am",39.948692,31.958278,21.92726,6.165772
"7714","5am",21.323593,36.454473,27.14675,15.075184
"7715","5am",34.037184,44.303965,16.52082,5.138035
"7716","5am",23.058256,40.877295,28.02419,8.040259
"7801","5am",19.629824,25.605017,22.19371,32.571454
"7802","5am",9.561546,18.68207,31.24819,40.508193
"7803","5am",13.128259,23.846352,34.67721,28.348175
"7804","5am",22.343398,24.266329,29.2275,24.16277
"7805","5am",13.693763,37.056089,30.0948,19.15535
"7806","5am",25.676078,41.989367,22.17457,10.159985
"7807","5am",33.564569,39.563318,21.29586,5.576252
"7808","5am",32.129913,41.583053,18.70068,7.586351
"7809","5am",17.298351,34.525594,27.05606,21.119996
"7810","5am",11.657729,38.292193,29.58741,20.462668
"7811","5am",11.012553,23.396446,34.48076,31.11024
"7812","5am",8.441159,21.894715,27.69347,41.970658
"7813","5am",12.688651,35.232259,30.51931,21.559779
"7814","5am",7.708348,36.434958,33.76581,22.090885
"7815","5am",21.173771,33.042754,30.20428,15.579191
"7816","5am",14.957756,33.914749,31.91773,19.209769
"9101","5am",24.406846,33.873069,26.68081,15.03927
"9102","5am",21.721097,31.494991,27.05287,19.731039
"9103","5am",27.560887,34.207867,24.61363,13.617614
"9104","5am",21.559142,38.704638,23.47095,16.265272
"9105","5am",17.643829,37.576538,30.29418,14.485454
"9106","5am",27.788384,31.064489,28.67998,12.467149
"9107","5am",25.186086,35.486983,27.69886,11.628071
"9108","5am",16.213271,35.868563,26.73015,21.188018
"9109","5am",21.393316,26.926016,33.85956,17.82111
"9110","5am",29.823295,32.295401,25.23445,12.646858
"9111","5am",23.160139,24.297283,32.1393,20.403279
"9112","5am",18.520515,29.989833,32.62495,18.8647
"9113","5am",12.542917,26.449721,33.63096,27.376403
"9114","5am",7.458773,22.007744,37.44611,33.08737
"9201","5am",28.197158,17.398862,31.40746,22.996521
"9202","5am",19.352733,28.004211,29.37938,23.26368
"9203","5am",14.553411,15.942291,32.18428,37.320013
"9204","5am",20.094997,30.66019,29.95461,19.290201
"9205","5am",8.382984,23.166946,25.11103,43.339038
"9206","5am",7.184346,25.796635,25.09979,41.919229
"9207","5am",3.596923,10.336495,35.77321,50.293369
"9208","5am",9.131914,21.417633,28.05348,41.396973
"9209","5am",15.053379,18.556467,31.41289,34.977264
"9210","5am",12.655091,18.012705,26.99053,42.341677
"9211","5am",24.150192,23.901491,26.61296,25.335357
"9212","5am",11.709938,27.07543,32.96163,28.252997
"9302","5am",27.801639,40.101475,20.95046,11.146431
"9303","5am",27.267669,22.60979,31.20569,18.916855
"9304","5am",31.172673,33.533253,19.17584,16.118234
"9305","5am",32.748148,36.344479,20.86164,10.045738
"9306","5am",29.899049,26.862095,28.02404,15.214816
"9307","5am",29.531263,34.796319,24.80409,10.868325
"9308","5am",32.243716,31.164867,28.0101,8.581321
"9309","5am",39.619193,29.894506,24.25005,6.236252
"9310","5am",28.471236,38.382482,28.20596,4.940321
"9311","5am",45.347226,25.008493,19.38435,10.259931
"9312","5am",38.193768,31.985486,16.96004,12.860704
"9402","5am",24.321793,41.773461,16.361,17.543747
"9403","5am",25.108603,28.946754,20.09451,25.85013
"9404","5am",29.516165,29.675879,28.27713,12.53083
"9405","5am",17.152268,32.041253,34.05444,16.752035
"9406","5am",26.58165,36.675247,22.03603,14.70707
"9407","5am",21.723179,24.243158,26.60269,27.430978
"9408","5am",13.717542,28.412892,23.54496,34.324601
"9409","5am",15.542771,14.802494,35.65961,33.99512
"9410","5am",29.451797,30.306233,29.6041,10.637866
"9411","5am",36.079497,34.483355,21.73604,7.701104
"9412","5am",36.429458,27.441008,16.07716,20.052369
"9413","5am",30.774865,32.505484,28.37593,8.343722
"9414","5am",17.172907,32.425933,35.1633,15.237857
"9501","5am",18.748427,34.416534,31.2979,15.537138
"9502","5am",34.057016,31.832525,22.582,11.528459
"9503","5am",26.462672,35.518418,23.19259,14.826323
"9504","5am",26.282273,33.079762,25.3732,15.264763
"9505","5am",31.223331,35.605706,29.8921,3.278863
"9506","5am",39.980253,29.244012,24.02336,6.752377
"9507","5am",43.465142,32.124238,21.03617,3.374447
"9508","5am",23.724508,40.370627,23.4398,12.465065
"9509","5am",22.358365,27.698412,34.73332,15.209902
"9510","5am",18.026016,36.003511,31.3431,14.627374
"9511","5am",15.586246,32.692558,25.60063,26.120568
"9512","5am",20.715405,27.934834,30.80608,20.543683
"9513","5am",23.054374,28.144302,28.67261,20.128715
"7501","6am",8.606299,14.796452,22.29034,54.306912
"7502","6am",7.052333,4.971195,28.5229,59.45357
"7503","6am",10.076126,16.509328,23.5063,49.908249
"7504","6am",8.043461,14.881908,28.94826,48.126375
"7505","6am",12.928334,14.134258,19.67485,53.262558
"7506","6am",10.935619,14.428803,31.38875,43.246831
"7507","6am",13.11201,15.347197,28.35047,43.190327
"7508","6am",5.10986,12.40155,25.21312,57.275474
"7509","6am",10.939514,11.250531,24.63236,53.17759
"7510","6am",6.715421,9.321554,29.51656,54.446461
"7511","6am",13.813041,12.123898,29.36034,44.702725
"7512","6am",17.376324,14.076474,23.89466,44.652543
"7513","6am",29.616069,22.508565,17.64151,30.233858
"7514","6am",24.501947,17.726768,26.83189,30.9394
"7701","6am",15.235621,36.933205,32.73556,15.095609
"7702","6am",19.473714,33.323601,23.09326,24.109426
"7703","6am",19.110199,43.074441,25.95226,11.863103
"7704","6am",37.477917,29.759198,24.92799,7.834895
"7705","6am",26.834395,44.211357,21.48942,7.464828
"7706","6am",30.367698,43.937707,20.46882,5.225772
"7707","6am",41.880736,39.060447,14.0657,4.99312
"7708","6am",13.941776,44.483248,25.58381,15.991169
"7709","6am",31.635226,28.658545,32.75641,6.949817
"7710","6am",14.320795,28.086648,43.14732,14.44524
"7711","6am",27.810341,31.466093,24.81789,15.905678
"7712","6am",24.049396,42.830649,17.77399,15.345968
"7713","6am",39.886596,32.123787,21.6503,6.339318
"7714","6am",21.747151,35.428707,27.44951,15.374628
"7715","6am",34.258632,43.957462,16.52675,5.257159
"7716","6am",22.97254,40.864471,28.07576,8.087226
"7801","6am",20.127045,23.720597,22.75587,33.396487
"7802","6am",9.635874,18.364534,31.4911,40.50849
"7803","6am",11.939176,24.988907,34.70281,28.369103
"7804","6am",23.336122,23.427273,29.14338,24.093225
"7805","6am",13.18077,37.784223,29.49259,19.542417
"7806","6am",25.063492,42.924743,21.73053,10.28123
"7807","6am",34.450698,39.720338,20.0537,5.775263
"7808","6am",32.986278,39.84528,19.32772,7.840722
"7809","6am",16.09084,34.749844,27.43931,21.720007
"7810","6am",11.80597,37.507512,29.96365,20.722873
"7811","6am",11.401789,23.314562,34.28229,31.001359
"7812","6am",8.460296,21.944354,27.52954,42.065813
"7813","6am",13.954288,34.203643,30.38041,21.461657
"7814","6am",7.373488,36.303622,34.00303,22.319865
"7815","6am",21.522616,32.871833,30.70191,14.903643
"7816","6am",14.374705,33.274911,32.50152,19.84886
"9101","6am",24.081583,34.429401,26.61298,14.87604
"9102","6am",21.409112,31.783939,27.01495,19.792003
"9103","6am",28.143061,33.105978,25.13355,13.61741
"9104","6am",20.987539,39.242448,23.36108,16.408929
"9105","6am",18.366501,37.350297,29.62169,14.661512
"9106","6am",27.825129,30.600435,29.28796,12.286473
"9107","6am",24.906037,36.198461,27.35576,11.53974
"9108","6am",16.224328,35.074897,27.28516,21.415612
"9109","6am",21.314962,27.092239,33.45001,18.142784
"9110","6am",29.670666,31.27421,26.01638,13.038743
"9111","6am",23.272026,25.454042,31.29538,19.978554
"9112","6am",19.083661,30.158956,32.21957,18.537817
"9113","6am",11.839643,26.644754,33.79393,27.721668
"9114","6am",7.458773,22.007744,37.44611,33.08737
"9201","6am",27.303066,17.795516,31.61854,23.282874
"9202","6am",18.900841,28.995471,29.02774,23.075949
"9203","6am",14.010464,16.257009,32.12994,37.602587
"9204","6am",19.502684,30.634741,30.46346,19.399114
"9205","6am",7.506986,23.40875,25.86231,43.221955
"9206","6am",7.764731,25.794017,24.88341,41.557846
"9207","6am",3.609645,9.844571,35.89973,50.64605
"9208","6am",9.840646,20.940905,27.86068,41.35777
"9209","6am",15.061997,18.588767,31.31109,35.038145
"9210","6am",13.143687,18.035108,26.42687,42.394337
"9211","6am",24.264612,24.302991,26.31593,25.116468
"9212","6am",11.771794,27.218452,32.60751,28.402239
"9302","6am",27.387916,41.316536,19.998,11.297545
"9303","6am",28.390321,22.18898,30.52797,18.892734
"9304","6am",32.030924,33.393546,18.27287,16.302659
"9305","6am",32.455456,35.74801,21.61541,10.181127
"9306","6am",30.027855,26.38692,28.19468,15.390543
"9307","6am",28.491578,35.671934,24.53661,11.29988
"9308","6am",32.002315,29.573318,29.65625,8.768114
"9309","6am",38.929385,29.664155,23.32868,8.077778
"9310","6am",28.506606,37.393153,29.03146,5.068779
"9311","6am",44.79518,24.381035,20.11608,10.707707
"9312","6am",37.508093,32.270652,16.83266,13.388593
"9402","6am",23.821352,41.633325,16.43149,18.113834
"9403","6am",25.235013,28.877045,19.90767,25.980274
"9404","6am",29.898966,29.782445,27.81066,12.507929
"9405","6am",17.015151,32.902558,33.43254,16.649755
"9406","6am",26.451961,36.500207,22.41973,14.628103
"9407","6am",21.913625,24.493811,26.27621,27.316353
"9408","6am",13.979322,27.612316,23.42873,34.979636
"9409","6am",15.654178,15.016871,35.31169,34.01726
"9410","6am",28.967245,30.611857,29.67575,10.745144
"9411","6am",36.803472,34.52397,20.89469,7.777872
"9412","6am",33.803219,29.889203,16.32778,19.9798
"9413","6am",30.133,32.23676,29.17563,8.454609
"9414","6am",18.222007,31.94807,34.72718,15.102739
"9501","6am",17.355001,33.998596,32.33804,16.308362
"9502","6am",33.735897,32.864493,22.00399,11.395625
"9503","6am",26.939826,34.708274,23.72923,14.622672
"9504","6am",26.735285,32.044306,25.80418,15.416225
"9505","6am",31.218208,36.377112,28.88285,3.52183
"9506","6am",38.549555,30.151695,24.43162,6.867129
"9507","6am",43.496378,31.717402,21.37975,3.406468
"9508","6am",22.830669,39.912825,24.55178,12.704725
"9509","6am",22.744387,27.538261,34.17692,15.54043
"9510","6am",18.195334,36.349641,30.88319,14.57183
"9511","6am",15.617197,32.558899,25.65147,26.172438
"9512","6am",21.286382,27.123922,30.47977,21.109927
"9513","6am",23.493967,27.751357,28.6452,20.109475
"7501","7am",8.476733,14.788692,23.79528,52.939297
"7502","7am",8.250802,7.144781,28.15353,56.450891
"7503","7am",13.416372,18.121064,23.18091,45.281655
"7504","7am",8.939715,14.996932,29.74206,46.321297
"7505","7am",12.203054,13.876937,19.76142,54.158584
"7506","7am",12.443059,16.50371,30.33763,40.715601
"7507","7am",12.841996,16.975069,27.80181,42.381127
"7508","7am",4.999359,11.931679,25.70469,57.36427
"7509","7am",11.733654,10.733799,23.40253,54.130017
"7510","7am",8.169326,10.01718,28.65097,53.162526
"7511","7am",13.998375,12.636788,28.96998,44.394859
"7512","7am",17.402853,13.935882,24.13792,44.523348
"7513","7am",28.932432,23.132841,18.38207,29.552657
"7514","7am",24.382214,17.142159,28.27847,30.197155
"7701","7am",16.260204,38.491066,30.98963,14.2591
"7702","7am",19.664163,34.474918,22.06008,23.800841
"7703","7am",19.838766,42.11108,25.82276,12.227396
"7704","7am",37.424197,30.702038,23.4455,8.428268
"7705","7am",27.495834,43.825415,21.06532,7.613431
"7706","7am",29.073424,44.215723,21.61794,5.092912
"7707","7am",43.835434,36.905293,14.1986,5.060669
"7708","7am",14.777663,40.695294,28.42908,16.097959
"7709","7am",30.725128,30.899851,32.0355,6.33952
"7710","7am",12.974858,28.509811,44.42258,14.092754
"7711","7am",28.261702,31.554954,25.19258,14.990764
"7712","7am",25.043066,42.741365,16.54545,15.670118
"7713","7am",41.9932,30.583264,21.20843,6.215103
"7714","7am",21.843667,35.984143,26.05699,16.115197
"7715","7am",35.657268,44.554769,14.56985,5.218115
"7716","7am",24.26936,42.649381,24.91182,8.169438
"7801","7am",20.924758,22.335822,23.12478,33.614644
"7802","7am",10.263902,18.928986,29.1142,41.692909
"7803","7am",12.970717,25.081215,34.69163,27.256439
"7804","7am",23.199095,22.298521,29.93458,24.567805
"7805","7am",14.752171,37.441025,28.51985,19.286958
"7806","7am",24.360098,42.773785,21.75273,11.113391
"7807","7am",34.222244,37.777842,21.62314,6.376771
"7808","7am",33.570707,39.553552,19.25124,7.624498
"7809","7am",16.077201,36.393592,25.77306,21.756142
"7810","7am",11.30248,37.969009,30.69763,20.030877
"7811","7am",10.797411,22.673242,34.65331,31.876034
"7812","7am",8.36377,22.16779,28.59983,40.868612
"7813","7am",15.303796,34.407598,28.71326,21.575345
"7814","7am",7.712403,37.633706,31.56045,23.093437
"7815","7am",21.836235,31.354244,31.49618,15.313341
"7816","7am",14.37249,32.176024,32.60636,20.845125
"9101","7am",24.349153,34.051054,27.10329,14.496499
"9102","7am",21.077488,30.65608,29.82828,18.438148
"9103","7am",28.808677,32.647664,24.17232,14.37134
"9104","7am",22.644705,37.594747,22.47947,17.281083
"9105","7am",18.372009,37.095025,29.78787,14.745097
"9106","7am",29.203494,30.603659,29.62501,10.567842
"9107","7am",25.036334,35.03997,28.10062,11.823078
"9108","7am",16.907899,35.151178,25.54941,22.391514
"9109","7am",21.210495,26.959584,33.25375,18.576176
"9110","7am",30.753738,31.45169,25.08072,12.713853
"9111","7am",23.611208,27.301717,29.19505,19.89203
"9112","7am",18.765068,31.39134,31.66765,18.175947
"9113","7am",12.276276,25.882491,33.92667,27.914566
"9114","7am",6.947131,22.244568,37.41241,33.395894
"9201","7am",27.065892,19.022207,30.05974,23.852157
"9202","7am",18.243334,28.264083,29.92409,23.568489
"9203","7am",14.307441,17.868488,30.4144,37.409675
"9204","7am",20.837469,31.692944,28.62566,18.843926
"9205","7am",7.687213,23.98818,26.06136,42.263249
"9206","7am",7.807938,25.204324,25.00239,41.985347
"9207","7am",3.704573,10.103468,36.57835,49.613607
"9208","7am",10.318895,21.393853,27.37424,40.913008
"9209","7am",15.160702,17.574308,31.49459,35.770396
"9210","7am",12.786267,17.812857,26.23205,43.168827
"9211","7am",24.228079,23.772556,27.36167,24.637697
"9212","7am",12.232569,26.295337,33.03568,28.436409
"9302","7am",29.865734,38.658229,20.58416,10.891874
"9303","7am",29.230007,21.88377,29.91057,18.975649
"9304","7am",33.067703,31.62158,18.62816,16.682559
"9305","7am",32.059018,36.062909,21.14422,10.733848
"9306","7am",28.382317,27.251978,29.30296,15.062741
"9307","7am",28.457862,34.805064,24.93838,11.798691
"9308","7am",30.777097,29.615866,30.19566,9.411373
"9309","7am",39.476405,28.105584,23.50893,8.909081
"9310","7am",27.360858,37.955789,29.87016,4.813192
"9311","7am",45.647614,22.655511,20.80253,10.89435
"9312","7am",36.727773,33.032743,16.88736,13.352123
"9402","7am",23.623961,41.021146,17.60726,17.747633
"9403","7am",25.916736,29.293788,20.06923,24.720248
"9404","7am",28.650249,30.406539,27.52801,13.415199
"9405","7am",19.020962,29.03928,34.99602,16.943739
"9406","7am",27.970035,36.611292,21.26915,14.149528
"9407","7am",19.915416,25.802123,26.42553,27.856926
"9408","7am",12.617038,28.097716,24.41535,34.869894
"9409","7am",16.772236,15.50634,35.24349,32.477934
"9410","7am",26.923341,33.087141,28.49699,11.492532
"9411","7am",36.077452,35.718204,20.37203,7.832312
"9412","7am",33.063249,28.794634,17.17485,20.967266
"9413","7am",29.48421,29.929733,32.30025,8.285805
"9414","7am",18.138197,31.072698,35.28332,15.505782
"9501","7am",17.842888,33.23614,32.45902,16.461954
"9502","7am",34.713078,31.382821,21.77669,12.127413
"9503","7am",27.07953,32.473521,24.76577,15.681175
"9504","7am",26.68467,32.944471,25.79447,14.576394
"9505","7am",31.606131,36.210773,27.91906,4.264039
"9506","7am",38.624831,30.199939,25.018,6.157231
"9507","7am",43.649265,30.914537,21.74545,3.690747
"9508","7am",22.583441,39.179673,25.59249,12.644393
"9509","7am",23.329873,28.219727,32.25191,16.198495
"9510","7am",19.21077,35.332329,30.14265,15.314246
"9511","7am",15.993711,32.664905,25.87281,25.468572
"9512","7am",22.026983,26.155821,29.92731,21.88989
"9513","7am",23.387516,27.842824,28.21914,20.550518
"7501","8am",10.612873,16.46172,22.61551,50.309891
"7502","8am",8.628331,11.39828,30.98189,48.991508
"7503","8am",15.012537,19.20441,25.40183,40.381221
"7504","8am",10.160577,19.60722,26.81148,43.42072
"7505","8am",13.154712,14.631,20.48713,51.727151
"7506","8am",14.193725,17.46107,31.07062,37.27458
"7507","8am",12.998947,16.99355,29.34673,40.660773
"7508","8am",4.979028,13.87606,25.60656,55.538351
"7509","8am",12.825975,10.51326,25.66761,50.993152
"7510","8am",8.930003,12.34653,29.92938,48.794086
"7511","8am",13.439877,14.24472,30.13578,42.179617
"7512","8am",20.107435,14.05667,23.90948,41.926411
"7513","8am",30.102599,25.22864,17.24065,27.428113
"7514","8am",26.219415,19.26863,26.44645,28.065503
"7701","8am",17.967271,41.51464,31.55901,8.959074
"7702","8am",20.593343,31.68989,24.2373,23.479474
"7703","8am",22.041142,43.26655,24.63252,10.059781
"7704","8am",41.245992,28.60399,21.76233,8.387691
"7705","8am",26.153086,43.42835,19.47321,10.945352
"7706","8am",32.902663,42.70171,19.56132,4.83431
"7707","8am",44.476015,37.07252,13.44117,5.010291
"7708","8am",15.667116,40.0431,25.96998,18.319801
"7709","8am",29.538559,34.24847,30.48124,5.731733
"7710","8am",13.627302,26.70396,43.77264,15.896098
"7711","8am",33.239502,31.92194,19.45288,15.385679
"7712","8am",24.443869,45.02422,18.29136,12.240543
"7713","8am",44.20582,31.18578,19.21995,5.388459
"7714","8am",24.206377,32.50048,26.62216,16.670988
"7715","8am",37.110691,44.11869,13.51811,5.252508
"7716","8am",25.67679,42.11231,24.5351,7.675797
"7801","8am",19.967506,23.24508,20.75598,36.031439
"7802","8am",11.136259,19.15379,28.38009,41.329859
"7803","8am",12.888373,30.51369,30.82001,25.777928
"7804","8am",25.469542,20.84463,30.74069,22.945131
"7805","8am",13.744573,38.19358,28.82651,19.235339
"7806","8am",26.237112,42.49746,20.18054,11.08489
"7807","8am",35.693785,37.58272,20.11574,6.607755
"7808","8am",35.23274,40.2432,16.96807,7.555997
"7809","8am",19.421346,33.85797,25.07606,21.644621
"7810","8am",12.935723,34.93526,32.29261,19.836408
"7811","8am",13.970642,22.30183,33.26608,30.461445
"7812","8am",7.636265,23.48822,30.39661,38.478902
"7813","8am",19.503273,30.82255,29.35112,20.323055
"7814","8am",10.25235,37.67468,29.14478,22.928191
"7815","8am",20.454709,32.02385,33.0001,14.521347
"7816","8am",14.623789,32.21529,31.79164,21.369286
"9101","8am",23.195969,32.94783,28.96857,14.887635
"9102","8am",22.869496,30.67577,29.36651,17.08823
"9103","8am",33.020231,29.90262,24.79192,12.285227
"9104","8am",27.151292,34.13423,22.1403,16.574185
"9105","8am",22.662384,37.89331,25.25651,14.187788
"9106","8am",29.036218,33.95329,27.04014,9.970342
"9107","8am",27.705284,35.41383,24.41688,12.464012
"9108","8am",20.472557,37.81297,23.97245,17.742027
"9109","8am",21.290629,27.05523,34.66794,16.9862
"9110","8am",32.093984,32.25221,22.9844,12.669402
"9111","8am",25.666155,29.74221,28.19382,16.397816
"9112","8am",20.233699,31.07702,31.54326,17.146031
"9113","8am",12.677277,25.94094,30.81742,30.564357
"9114","8am",9.041495,21.0896,39.54538,30.323522
"9201","8am",24.732618,21.82852,31.04936,22.389499
"9202","8am",17.173709,30.11435,29.2675,23.44444
"9203","8am",15.282792,18.90516,29.5892,36.222852
"9204","8am",20.939782,32.99836,27.90028,18.16158
"9205","8am",10.133169,26.07545,26.47845,37.312923
"9206","8am",8.537829,26.05545,25.13508,40.271643
"9207","8am",4.654176,11.08116,35.26136,49.003306
"9208","8am",12.005313,19.88492,27.56591,40.543857
"9209","8am",16.381941,17.3936,32.64356,33.580905
"9210","8am",13.511121,21.09679,22.65795,42.734144
"9211","8am",21.826628,25.06874,25.95343,27.151207
"9212","8am",13.468615,26.90625,30.98696,28.638167
"9302","8am",31.463486,38.85037,17.56286,12.123282
"9303","8am",28.681867,24.69267,28.43186,18.193607
"9304","8am",34.879717,29.64433,19.78064,15.695311
"9305","8am",41.836519,25.30827,24.30619,8.549027
"9306","8am",31.534511,26.02083,29.24697,13.197687
"9307","8am",31.135305,34.37358,22.96427,11.526849
"9308","8am",31.926377,28.15921,30.89433,9.020084
"9309","8am",40.601446,28.16742,21.97006,9.261069
"9310","8am",28.760429,36.41558,29.88305,4.94094
"9311","8am",43.741379,23.7666,20.61308,11.878939
"9312","8am",31.946579,34.97927,18.25118,14.822968
"9402","8am",23.414899,39.02178,20.82819,16.73513
"9403","8am",27.515865,29.31791,19.31316,23.853065
"9404","8am",29.469142,32.89931,24.70426,12.927287
"9405","8am",22.247432,29.0721,34.14011,14.540358
"9406","8am",28.050871,34.29156,21.96751,15.690059
"9407","8am",21.88935,26.39054,23.03428,28.685824
"9408","8am",15.69717,28.95784,25.86196,29.483038
"9409","8am",18.805152,18.73146,34.69666,27.766728
"9410","8am",28.083273,35.15577,23.47821,13.282752
"9411","8am",38.694074,36.20244,16.64831,8.455183
"9412","8am",32.656986,26.86016,18.86646,21.616396
"9413","8am",32.527819,31.62361,29.20832,6.640253
"9414","8am",25.094332,29.27737,32.06227,13.566024
"9501","8am",20.302351,33.13259,31.04387,15.521188
"9502","8am",36.958507,31.82144,20.80483,10.415217
"9503","8am",29.781172,34.03155,21.81451,14.37277
"9504","8am",29.619696,32.64138,23.03513,14.703795
"9505","8am",32.855431,31.41068,30.50111,5.232778
"9506","8am",38.152265,29.17074,23.80586,8.871136
"9507","8am",46.63906,27.6531,21.00653,4.701314
"9508","8am",23.826858,33.81247,28.29666,14.064019
"9509","8am",24.960621,30.31087,31.73595,12.992559
"9510","8am",20.454305,37.76002,26.99543,14.790239
"9511","8am",19.440937,30.26956,25.07511,25.214396
"9512","8am",24.55087,20.42511,30.55636,24.467658
"9513","8am",26.415928,32.43539,23.64251,17.506166
"7501","9am",10.242571,18.42374,26.46057,44.87312
"7502","9am",9.58661,13.78771,32.89568,43.729998
"7503","9am",13.093732,20.14261,32.0388,34.724856
"7504","9am",8.901572,25.61132,25.95785,39.52926
"7505","9am",13.48959,15.33932,22.26672,48.904376
"7506","9am",17.432085,20.15217,31.63313,30.782608
"7507","9am",13.902847,21.06997,29.38294,35.644242
"7508","9am",7.879005,17.08991,28.11231,46.918772
"7509","9am",14.151439,12.97874,29.96681,42.903005
"7510","9am",10.762798,14.14078,30.08454,45.011889
"7511","9am",15.698292,19.15831,28.90526,36.238142
"7512","9am",22.604435,17.20577,27.62485,32.564951
"7513","9am",28.772978,26.58396,17.55008,27.092975
"7514","9am",28.865895,21.65153,21.78629,27.696284
"7701","9am",18.570531,40.65513,31.55435,9.219983
"7702","9am",18.730712,32.77948,21.74982,26.739987
"7703","9am",24.145787,40.25968,24.6341,10.960432
"7704","9am",41.278132,27.13281,21.61466,9.974403
"7705","9am",23.125252,45.62741,21.93761,9.309732
"7706","9am",31.415316,43.92189,18.49081,6.171986
"7707","9am",41.726754,38.49802,13.57396,6.201272
"7708","9am",18.30386,43.62956,24.65391,13.412675
"7709","9am",29.296686,35.98679,26.5299,8.186631
"7710","9am",17.351117,22.89085,48.74144,11.016588
"7711","9am",36.429015,30.2556,19.67286,13.642521
"7712","9am",26.887856,45.91085,17.70017,9.501117
"7713","9am",42.250649,34.03024,19.34808,4.371029
"7714","9am",23.971508,37.48948,22.33636,16.202653
"7715","9am",36.502973,43.24833,14.59749,5.651212
"7716","9am",21.337132,41.90565,25.49572,11.261498
"7801","9am",24.410567,22.19427,21.55748,31.837679
"7802","9am",12.953238,23.43736,28.64333,34.966071
"7803","9am",12.195131,35.30981,33.43523,19.059827
"7804","9am",27.545477,24.98662,30.95471,16.513193
"7805","9am",13.589984,40.63628,30.78984,14.983896
"7806","9am",27.535676,42.4509,19.47641,10.537007
"7807","9am",36.479076,35.94215,19.38327,8.195497
"7808","9am",37.49049,39.88677,13.45709,9.165648
"7809","9am",20.885393,36.21752,22.52945,20.36764
"7810","9am",13.946404,32.98368,32.77987,20.290047
"7811","9am",15.105357,21.43698,31.30918,32.14848
"7812","9am",7.291972,27.43587,31.54359,33.728571
"7813","9am",20.161341,32.21949,29.71722,17.901953
"7814","9am",10.381492,41.43963,31.26098,16.917898
"7815","9am",22.462172,34.37716,31.17705,11.98362
"7816","9am",16.35726,29.11586,31.36173,23.165158
"9101","9am",24.148762,31.39862,27.00165,17.45096
"9102","9am",22.565335,32.06999,28.87165,16.493029
"9103","9am",33.633107,28.58172,23.92644,13.858737
"9104","9am",28.752681,39.781,17.80606,13.660259
"9105","9am",22.235676,36.18007,22.71425,18.870001
"9106","9am",29.183759,34.81014,26.22759,9.778507
"9107","9am",32.587145,33.36761,19.62717,14.418082
"9108","9am",21.994995,38.72525,23.99918,15.280573
"9109","9am",24.146658,29.71741,32.50914,13.626793
"9110","9am",31.477178,32.62615,24.07504,11.82163
"9111","9am",21.241292,34.71797,27.06363,16.97711
"9112","9am",20.421449,30.03983,31.55774,17.980982
"9113","9am",14.412956,26.24414,28.84583,30.497072
"9114","9am",8.90958,20.73431,38.48366,31.872449
"9201","9am",26.05033,24.92553,30.68981,18.334333
"9202","9am",16.919877,30.89071,28.72622,23.463191
"9203","9am",16.466154,20.42657,29.92239,33.184888
"9204","9am",18.816637,27.35998,32.22311,21.600279
"9205","9am",9.807345,23.28463,26.74048,40.167546
"9206","9am",8.467693,26.90149,27.0395,37.591315
"9207","9am",6.829842,14.48501,37.7203,40.964845
"9208","9am",12.914691,20.94365,28.18504,37.956627
"9209","9am",17.278274,18.69801,30.91409,33.109633
"9210","9am",13.965501,25.47733,26.61517,33.941998
"9211","9am",21.87511,24.81993,26.71105,26.593914
"9212","9am",14.2524,23.93372,29.77949,32.034386
"9302","9am",33.504583,39.74646,16.48723,10.261723
"9303","9am",28.942287,24.57438,29.36269,17.120637
"9304","9am",30.242079,31.91431,20.74029,17.10332
"9305","9am",43.286463,23.28889,24.58899,8.83565
"9306","9am",31.000899,34.71004,26.05825,8.230811
"9307","9am",33.283811,31.60633,22.98283,12.127021
"9308","9am",35.528606,27.95276,27.37404,9.144594
"9309","9am",34.81415,30.61241,23.49985,11.073592
"9310","9am",29.680817,37.37136,28.84795,4.099869
"9311","9am",42.96339,22.70445,18.49616,15.835992
"9312","9am",29.800354,31.74557,20.03858,18.415492
"9402","9am",21.509786,40.77417,21.66546,16.050581
"9403","9am",24.996517,30.1043,21.31646,23.582726
"9404","9am",30.967949,32.76385,23.67637,12.591839
"9405","9am",18.983691,26.44851,33.03896,21.528846
"9406","9am",26.527406,32.79412,22.48087,18.197602
"9407","9am",22.400088,30.79115,21.46375,25.345012
"9408","9am",16.753922,27.65085,31.42914,24.16609
"9409","9am",19.484607,20.53525,32.25176,27.728375
"9410","9am",25.256722,34.75563,25.05811,14.92954
"9411","9am",36.592641,32.80519,23.12022,7.481948
"9412","9am",33.799178,26.25536,20.90572,19.039738
"9413","9am",35.016437,27.61875,28.65044,8.714369
"9414","9am",28.040205,27.95025,31.45555,12.55399
"9501","9am",20.159876,31.54204,29.62495,18.673138
"9502","9am",33.118261,36.39218,18.78135,11.708217
"9503","9am",31.629761,30.85573,24.82246,12.692052
"9504","9am",36.234966,31.08815,16.92485,15.752033
"9505","9am",31.681418,32.16271,25.61064,10.545229
"9506","9am",34.713097,32.2596,23.89672,9.130579
"9507","9am",47.583514,25.1045,17.28963,10.022354
"9508","9am",24.382269,33.94755,28.42109,13.249086
"9509","9am",27.47782,33.99013,29.11793,9.414111
"9510","9am",22.967101,38.9115,25.47012,12.651274
"9511","9am",24.164724,32.66332,20.87757,22.294392
"9512","9am",27.066396,24.42236,28.35331,20.157927
"9513","9am",29.44376,33.30169,21.07661,16.177944
"7501","10am",10.024155,21.88661,26.82105,41.268181
"7502","10am",9.192931,15.92389,30.53364,44.349537
"7503","10am",11.008813,18.44798,32.4938,38.049402
"7504","10am",8.121131,26.26087,30.38454,35.233455
"7505","10am",12.405813,15.60048,21.92396,50.06975
"7506","10am",17.502645,20.68631,32.86514,28.945908
"7507","10am",13.755741,21.11243,28.03478,37.097048
"7508","10am",10.283038,16.59902,27.23753,45.880414
"7509","10am",13.725864,12.85026,30.63675,42.787132
"7510","10am",11.430481,15.64796,30.9551,41.966461
"7511","10am",14.631302,16.89083,30.6118,37.866069
"7512","10am",24.27281,19.89217,24.09938,31.735643
"7513","10am",28.456477,24.75161,20.10024,26.691671
"7514","10am",28.715797,20.30194,23.50903,27.473238
"7701","10am",19.269636,41.1311,29.95916,9.640103
"7702","10am",16.645288,34.2735,22.91183,26.16938
"7703","10am",22.426808,41.24925,23.52529,12.798656
"7704","10am",39.098606,27.06021,23.76534,10.075838
"7705","10am",23.859774,46.24549,19.43917,10.45557
"7706","10am",32.970519,42.18291,18.83039,6.016186
"7707","10am",39.985872,38.08032,14.67622,7.257595
"7708","10am",16.58978,46.04706,24.43317,12.92999
"7709","10am",28.733251,35.45193,26.61027,9.204546
"7710","10am",17.161306,22.17173,48.33571,12.331252
"7711","10am",36.39355,30.22504,18.99625,14.38516
"7712","10am",25.692071,45.00331,16.34243,12.962187
"7713","10am",42.767372,35.06594,18.20955,3.957141
"7714","10am",23.73831,38.14711,22.48724,15.627339
"7715","10am",37.04998,42.84884,13.64691,6.454274
"7716","10am",20.929847,39.51584,26.82416,12.730155
"7801","10am",26.441092,24.9593,19.63851,28.961093
"7802","10am",12.531746,24.59275,26.41281,36.462697
"7803","10am",12.339525,33.59737,35.95101,18.112102
"7804","10am",30.267672,24.78159,28.39587,16.554869
"7805","10am",12.738667,36.86032,32.3802,18.020811
"7806","10am",25.784443,42.88172,20.26488,11.068963
"7807","10am",37.629177,34.8469,19.82117,7.702748
"7808","10am",34.807671,42.40275,13.53479,9.254796
"7809","10am",19.432578,34.72215,21.68723,24.158039
"7810","10am",14.001949,32.06514,35.15148,18.781423
"7811","10am",16.10524,21.3677,30.52825,31.99881
"7812","10am",7.658116,26.75348,31.13178,34.456625
"7813","10am",20.071747,32.0633,28.51564,19.349313
"7814","10am",10.47668,40.46218,32.2381,16.823033
"7815","10am",22.974233,36.51072,28.13208,12.382972
"7816","10am",14.811469,27.69282,31.34257,26.153142
"9101","10am",22.015877,29.20471,27.91576,20.863651
"9102","10am",23.692833,31.29739,29.90002,15.109764
"9103","10am",31.17269,31.43842,23.30479,14.0841
"9104","10am",32.774368,35.54201,16.90151,14.782106
"9105","10am",22.599089,35.41164,22.73605,19.253221
"9106","10am",30.973665,34.64936,22.87163,11.505342
"9107","10am",32.145761,33.62087,20.71588,13.517488
"9108","10am",22.324751,42.4205,20.88445,14.3703
"9109","10am",23.25079,28.83534,32.55415,15.359715
"9110","10am",29.524145,32.58662,26.08843,11.800806
"9111","10am",18.992017,32.73682,29.68958,18.581586
"9112","10am",19.934998,30.25823,32.10675,17.700023
"9113","10am",13.488815,23.68717,28.4483,34.375712
"9114","10am",8.130242,24.24974,37.26619,30.353827
"9201","10am",27.47784,23.19207,28.01555,21.314539
"9202","10am",17.019454,29.02189,30.3241,23.634558
"9203","10am",16.79808,19.58375,28.77192,34.846247
"9204","10am",17.014437,24.3238,33.22149,25.440265
"9205","10am",8.329403,20.23409,27.65828,43.778229
"9206","10am",8.506152,24.6208,30.73692,36.136133
"9207","10am",6.969013,16.61767,33.84373,42.569593
"9208","10am",12.946533,18.18066,28.26911,40.603691
"9209","10am",16.364728,18.99271,31.14752,33.495044
"9210","10am",13.557026,24.46999,24.15208,37.820899
"9211","10am",17.843643,25.06186,25.82278,31.271716
"9212","10am",14.605666,24.92127,28.1673,32.305757
"9302","10am",33.076685,41.21298,16.38513,9.325206
"9303","10am",26.467126,25.19818,28.35187,19.982825
"9304","10am",31.161632,29.17782,21.21361,18.446937
"9305","10am",40.610703,23.6972,25.371,10.321092
"9306","10am",32.360662,33.72455,25.70415,8.210639
"9307","10am",34.379231,30.74666,22.13441,12.7397
"9308","10am",33.567495,29.84773,27.16288,9.421893
"9309","10am",33.703213,31.23442,22.81669,12.245681
"9310","10am",32.073607,36.53352,27.14047,4.252403
"9311","10am",40.658038,24.23443,17.67415,17.433377
"9312","10am",25.581283,27.69293,22.96405,23.761738
"9402","10am",20.447506,37.54057,23.21623,18.795691
"9403","10am",24.069842,28.76422,21.75504,25.4109
"9404","10am",31.054284,30.88468,26.20559,11.855441
"9405","10am",18.316156,26.70767,30.93662,24.03956
"9406","10am",25.482596,34.39888,21.46022,18.658304
"9407","10am",20.143721,30.70444,24.82602,24.325813
"9408","10am",17.49897,31.59998,29.327,21.574055
"9409","10am",20.163894,20.18247,33.0101,26.643545
"9410","10am",24.186817,32.30081,25.70149,17.810881
"9411","10am",36.248693,32.7969,23.2859,7.668512
"9412","10am",33.10265,26.40732,23.02966,17.460367
"9413","10am",33.646879,30.33926,26.8183,9.195567
"9414","10am",31.976942,26.85157,27.38125,13.790241
"9501","10am",19.765785,31.63301,28.70476,19.89644
"9502","10am",30.568902,33.95725,22.47152,13.002323
"9503","10am",31.143806,32.65463,23.11274,13.088823
"9504","10am",37.548492,32.20187,15.81455,14.435084
"9505","10am",32.1329,28.94378,26.89916,12.024162
"9506","10am",33.718451,33.153,23.78616,9.34238
"9507","10am",47.042249,23.98402,18.37018,10.603556
"9508","10am",23.81645,32.93772,29.49853,13.747293
"9509","10am",25.133998,37.49083,28.13313,9.242035
"9510","10am",24.132915,37.82554,20.63934,17.402203
"9511","10am",28.177571,31.76797,20.90318,19.151275
"9512","10am",28.37413,25.22299,25.36615,21.036727
"9513","10am",29.77581,30.62913,22.80497,16.790092
"7501","11am",11.560028,20.78124,26.63297,41.025759
"7502","11am",9.064629,16.11095,32.70059,42.123827
"7503","11am",10.113074,19.44403,33.10363,37.339265
"7504","11am",9.634464,25.67522,28.0586,36.631717
"7505","11am",12.800399,16.64864,22.21161,48.339356
"7506","11am",16.771679,21.77655,31.97676,29.475012
"7507","11am",13.472258,21.80218,29.91828,34.807278
"7508","11am",11.232179,14.77105,27.58503,46.411746
"7509","11am",14.040614,14.01195,29.83323,42.11421
"7510","11am",10.938809,15.20392,30.68445,43.172821
"7511","11am",14.655727,17.22473,29.90258,38.216962
"7512","11am",25.244321,19.36818,23.60533,31.782172
"7513","11am",27.894393,24.27465,21.67334,26.157617
"7514","11am",27.636626,20.00711,24.41933,27.936931
"7701","11am",19.502152,41.63691,29.15252,9.708417
"7702","11am",16.440427,34.35179,22.97637,26.231411
"7703","11am",23.873494,39.79366,23.06389,13.268959
"7704","11am",38.245796,28.00018,23.70151,10.052511
"7705","11am",26.723575,46.02468,16.63872,10.613031
