"district","hour","dep1","dep2","dep3","dep4","dep5"
"7501","4am",99.3948655,0,0,0.4557295,0.149405
"7502","4am",97.6233848,0,0.6615568,1.2996757,0.4153826
"7503","4am",98.4576429,0,0,0.2603857,1.2819714
"7504","4am",96.9763208,1.0799587,0,0.7865875,1.157133
"7505","4am",99.4547685,0,0,0.4357232,0.1095083
"7506","4am",98.771104,0.5120975,0,0,0.7167985
"7507","4am",96.9279654,0.6365879,0.9592873,0.6606361,0.8155233
"7508","4am",97.2651845,0.4437863,0.5077949,0,1.7832344
"7509","4am",98.898082,0,0,0.157201,0.944717
"7510","4am",99.549845,0,0.2900672,0,0.1600878
"7511","4am",99.298826,0.429642,0,0.271532,0
"7512","4am",99.1414682,0.7444864,0,0,0.1140453
"7513","4am",99.2710769,0,0.1703747,0,0.5585483
"7514","4am",99.2481577,0,0,0.2399531,0.5118892
"7701","4am",0,0,0,0,100
"7702","4am",0.6031217,41.261912,32.4856441,0,25.6493222
"7703","4am",0.5972108,0,0.3434161,0.9163336,98.1430394
"7704","4am",0,0,0,0,100
"7705","4am",0,0.3000571,0,0,99.6999429
"7706","4am",0,0,0,0,100
"7707","4am",0,0,0,0,100
"7708","4am",0,0.825545,0,0,99.174455
"7709","4am",0,0,0.3632311,0,99.6367689
"7710","4am",0,0,0,0,100
"7711","4am",0,0,0,0,100
"7712","4am",0.831368,0,0,0,99.168632
"7713","4am",0,0,0,1.1416907,98.8583093
"7714","4am",0,0,0,0,100
"7715","4am",0,0,0,0,100
"7716","4am",0,0,0,0,100
"7801","4am",0,0.7093737,0,0,99.2906263
"7802","4am",0,0.5775695,0,0,99.4224305
"7803","4am",0.6692221,0.4623391,0.1446535,0.1706466,98.5531388
"7804","4am",0.873746,0,0,0,99.126254
"7805","4am",0,0,0,0,100
"7806","4am",0,0,0.1226955,0,99.8773045
"7807","4am",0,0.3944,0,1.2704696,98.3351304
"7808","4am",0,0,0,0,100
"7809","4am",2.3186261,0,0,0,97.6813739
"7810","4am",0,0,0,0,100
"7811","4am",1.084276,0,0,0,98.915724
"7812","4am",0,0.4359456,0,0,99.5640544
"7813","4am",0,0,0,0,100
"7814","4am",0,0,0,0,100
"7815","4am",0,0,5.2321592,0.3792359,94.3886048
"7816","4am",0,0,0,0,100
"9101","4am",0,0,0,0,100
"9102","4am",0.8286667,0,0.6059229,0,98.5654104
"9103","4am",0,0,0,0.3853457,99.6146543
"9104","4am",0,0,0,0,100
"9105","4am",0,0,0,0,100
"9106","4am",0,0,0,0,100
"9107","4am",0.4348886,0,0,0,99.5651114
"9108","4am",0,0,0,0,100
"9109","4am",1.3206634,0,0,0,98.6793366
"9110","4am",0,0,0,0,100
"9111","4am",0,0,0,0,100
"9112","4am",0,0,0,0,100
"9113","4am",0,0,0,0,100
"9114","4am",0,0,0,0,100
"9201","4am",0,2.0279538,0.2230612,97.2048515,0.5441335
"9202","4am",0,0.714752,0,99.0600611,0.2251869
"9203","4am",0.29,0.2216933,0,99.1271245,0.3611822
"9204","4am",0,0,0,99.3903893,0.6096107
"9205","4am",0.4122949,0,0,99.3136759,0.2740292
"9206","4am",0,0,0,99.1666784,0.8333216
"9207","4am",0,0.3467827,0,99.1057785,0.5474388
"9208","4am",0,0,0,99.5537605,0.4462395
"9209","4am",0,0,0.4126067,98.7367064,0.850687
"9210","4am",0.4807573,0,0,99.5192427,0
"9211","4am",1.4117157,0,0,98.5882843,0
"9212","4am",0,0,0,99.3531143,0.6468857
"9302","4am",0,97.24241,1.5161647,0,1.2414253
"9303","4am",0.3849647,99.6150353,0,0,0
"9304","4am",0,100,0,0,0
"9305","4am",0,100,0,0,0
"9306","4am",0,99.30917,0.35026,0,0.3405701
"9307","4am",4.5824903,94.9934463,0,0,0.4240635
"9308","4am",1.3609691,96.6524787,0.9260619,0,1.0604903
"9309","4am",1.3651528,96.49038,0,0,2.1444672
"9310","4am",0.6504736,98.946371,0,0,0.4031554
"9311","4am",0,99.1660594,0,0.1424386,0.691502
"9312","4am",0.200159,98.6378458,0,0,1.1619953
"9402","4am",0.3447707,0,98.5146116,0,1.1406177
"9403","4am",0,0,99.5615097,0,0.4384903
"9404","4am",0,0,98.8341002,0.3698827,0.7960171
"9405","4am",0,0.7755889,94.5077205,0.5014206,4.21527
"9406","4am",0.623033,0.1352209,98.3282631,0.9134831,0
"9407","4am",0,0,99.5088346,0.1841983,0.306967
"9408","4am",0,1.1023484,98.2711635,0,0.6264881
"9409","4am",0,0.1230405,99.8769595,0,0
"9410","4am",0,1.0854635,98.9145365,0,0
"9411","4am",0,0,100,0,0
"9412","4am",1.8340734,0,97.4165067,0,0.7494199
"9413","4am",0,0,100,0,0
"9414","4am",0,1.2257988,98.7742012,0,0
"9501","4am",0.6241102,0,0,0.2735368,99.102353
"9502","4am",0,0,0,0,100
"9503","4am",0,0,0.7599485,0,99.2400515
"9504","4am",0,0,0,0,100
"9505","4am",0.8002549,0.2445722,0,0,98.9551728
"9506","4am",0.431753,0,0,0,99.568247
"9507","4am",0,0,0,0,100
"9508","4am",0,0,0,0,100
"9509","4am",0,0,0,0,100
"9510","4am",0,0.6511288,0,0,99.3488712
"9511","4am",0,0,0,0,100
"9512","4am",0,0,0,0.876627,99.123373
"9513","4am",0.8080473,0,0.3988701,0,98.7930825
"7501","5am",99.3948655,0,0,0.4557295,0.149405
"7502","5am",97.6293903,0,0.6598852,1.2963915,0.414333
"7503","5am",98.4576429,0,0,0.2603857,1.2819714
"7504","5am",96.9899828,1.0750791,0,0.7830335,1.1519046
"7505","5am",99.4547685,0,0,0.4357232,0.1095083
"7506","5am",98.771104,0.5120975,0,0,0.7167985
"7507","5am",96.9324679,0.6356549,0.9578813,0.6596679,0.8143281
"7508","5am",97.2546134,0.4455017,0.5097577,0,1.7901272
"7509","5am",98.2539197,0,0,0.8075166,0.9385637
"7510","5am",99.3893085,0,0.292721,0,0.3179705
"7511","5am",98.7519315,0.9759748,0,0.2720937,0
"7512","5am",99.356595,0.5291122,0,0,0.1142928
"7513","5am",99.2710769,0,0.1703747,0,0.5585483
"7514","5am",99.2463006,0,0,0.2405458,0.5131536
"7701","5am",0,0.5247467,0.2340779,0,99.2411755
"7702","5am",0.6063326,40.9492011,32.6585918,0,25.7858745
"7703","5am",0.5983511,0,0.3440718,0.9180832,98.1394939
"7704","5am",0,0,0,0,100
"7705","5am",0,0.3052939,0,0,99.6947061
"7706","5am",0,0,0,0,100
"7707","5am",0,0,0,0,100
"7708","5am",0,0.8275403,0,0,99.1724597
"7709","5am",0,0,0.3665652,0,99.6334348
"7710","5am",0,0,0,0,100
"7711","5am",0,0,0,0,100
"7712","5am",0.840407,0,0,0,99.159593
"7713","5am",0,0,0,1.1511885,98.8488115
"7714","5am",0,0,0,0,100
"7715","5am",0,0,0,0,100
"7716","5am",0,0,0,0,100
"7801","5am",0,0.713779,0,0,99.286221
"7802","5am",0,0.5746361,0,0,99.4253639
"7803","5am",0.6692221,0.4623391,0.1446535,0.1706466,98.5531388
"7804","5am",0.8783093,0,0,0,99.1216907
"7805","5am",0,0,0,0,100
"7806","5am",0,0,0.121588,0,99.878412
"7807","5am",0,0.4015024,0,1.2933482,98.3051495
"7808","5am",0,0,0,0,100
"7809","5am",2.3087416,0,0,0,97.6912584
"7810","5am",0,0,0,0,100
"7811","5am",1.084276,0,0,0,98.915724
"7812","5am",0,0.4354457,0,0,99.5645543
"7813","5am",0,0,0,0,100
"7814","5am",0,0,0,0,100
"7815","5am",0,0,5.2537807,0.3808031,94.3654162
"7816","5am",0,0,0,0,100
"9101","5am",0,0,0,0,100
"9102","5am",0.8260727,0,0.6040262,0,98.5699011
"9103","5am",0,0,0,0.3901025,99.6098975
"9104","5am",0,0,0,0,100
"9105","5am",0,0,0,0,100
"9106","5am",0,0,0,0,100
"9107","5am",0.4348886,0,0,0,99.5651114
"9108","5am",0,0,0,0,100
"9109","5am",1.3082874,0,0.4429201,0.393977,97.8548155
"9110","5am",0,0,0,0,100
"9111","5am",0.8505641,0,0.1641576,0,98.9852783
"9112","5am",0,0,0,0,100
"9113","5am",0,0,0,0,100
"9114","5am",0,0,0,0,100
"9201","5am",0,2.025492,0.3441838,97.0868512,0.543473
"9202","5am",0,0.7118313,0,98.6552724,0.6328963
"9203","5am",0.2899542,0.2216582,0.2258123,98.9014503,0.361125
"9204","5am",0,0,0,99.3877801,0.6122199
"9205","5am",0.4122949,0,0,99.3136759,0.2740292
"9206","5am",0,0,0,99.1699436,0.8300564
"9207","5am",0,0.3467827,0,99.1057785,0.5474388
"9208","5am",0,0,0,99.5537605,0.4462395
"9209","5am",0,0,0.4128961,98.2024925,1.3846115
"9210","5am",0.4802049,0,0,99.4049065,0.1148886
"9211","5am",1.4117157,0,0,98.5882843,0
"9212","5am",0,0,0,99.3531143,0.6468857
"9302","5am",0,96.8636242,1.5138641,0,1.6225117
"9303","5am",0.3844402,99.6155598,0,0,0
"9304","5am",0,100,0,0,0
"9305","5am",0,100,0,0,0
"9306","5am",0,99.3071817,0.351268,0,0.3415502
"9307","5am",4.6096063,94.9638208,0,0,0.4265728
"9308","5am",1.3755567,97.6884553,0.935988,0,0
"9309","5am",1.3515322,95.8347611,0,0,2.8137067
"9310","5am",0.6564781,98.936645,0,0,0.4068769
"9311","5am",0,98.8985018,0,0.1412149,0.9602834
"9312","5am",0.200592,98.2747084,0,0,1.5246996
"9402","5am",0.347526,0,98.502741,0,1.149733
"9403","5am",0,0,99.5615097,0,0.4384903
"9404","5am",0,0.5741305,98.2630162,0.3689162,0.7939371
"9405","5am",2.1791444,0.7376282,90.9856534,0.4768789,5.6206951
"9406","5am",0.6319991,0.1371669,98.304205,0.926629,0
"9407","5am",0,0,99.5047416,0.1857333,0.309525
"9408","5am",0,1.0971559,98.1118429,0,0.7910012
"9409","5am",0,0.373583,99.626417,0,0
"9410","5am",0,1.0933818,98.9066182,0,0
"9411","5am",0,0,100,0,0
"9412","5am",1.8363763,0,97.4132627,0,0.7503609
"9413","5am",0,0,100,0,0
"9414","5am",0,1.2277885,98.7722115,0,0
"9501","5am",0.6292569,0,0,0.2757925,99.0949506
"9502","5am",0,0,0,0,100
"9503","5am",0,0,0.7570208,0,99.2429792
"9504","5am",0,0,0,0,100
"9505","5am",0.7999755,0.2444869,0,0,98.9555376
"9506","5am",0.4394038,0,0,0,99.5605962
"9507","5am",0,0,0.4164088,0,99.5835912
"9508","5am",0,0,0,0,100
"9509","5am",0,0,0,0,100
"9510","5am",0,0.6511288,0,0,99.3488712
"9511","5am",0,0,0,0,100
"9512","5am",0,0,0,0.876627,99.123373
"9513","5am",0.8056089,0,0.3976665,0,98.7967246
"7501","6am",96.5643123,0.9289758,0.33811751,0.4444918,1.72410262
"7502","6am",97.2200575,0,0.72861492,1.2909561,0.7603714
"7503","6am",95.7419953,0.5011066,1.42502666,0.710662,1.62120939
"7504","6am",96.6987869,0.5650822,0,1.1564288,1.57970207
"7505","6am",99.4555303,0,0,0.4351144,0.10935531
"7506","6am",98.0982176,0.633682,0,0.1252435,1.14285688
"7507","6am",96.1280714,0.8737144,0.96522933,0.6647283,1.36825662
"7508","6am",97.0976961,0.4447829,0.50893524,0,1.94858582
"7509","6am",97.9478561,0.1874014,0.05352799,0.807006,1.00420847
"7510","6am",97.8617293,0,0.51231499,0.4210739,1.2048818
"7511","6am",97.8922505,0.9605913,0,0.2678049,0.8793533
"7512","6am",98.9914948,0.6774307,0,0.1563272,0.17474732
"7513","6am",98.0586574,0.8401549,0.16966457,0,0.93152316
"7514","6am",98.786963,0,0.21653974,0.2452254,0.75127185
"7701","6am",0,0.5421118,0.54461472,0,98.91327348
"7702","6am",0.6153118,40.3876819,32.7177383,0,26.27926793
"7703","6am",0.5936734,1.9436866,0.34138195,0.9109059,96.21035212
"7704","6am",0,0,0,0,100
"7705","6am",0,0.3237766,0,0,99.67622338
"7706","6am",0,0,0,0,100
"7707","6am",0,0,0,0,100
"7708","6am",0,1.0743137,0,0,98.92568633
"7709","6am",0,0,0.36340823,0,99.63659177
"7710","6am",0,0.4347823,0.11070645,0,99.45451129
"7711","6am",1.4319312,0,0,0,98.56806884
"7712","6am",0.8578252,0,0,0,99.14217484
"7713","6am",0,0,0,1.1835906,98.81640943
"7714","6am",0,0,0,0,100
"7715","6am",0,0,0,0,100
"7716","6am",0,0,0,0,100
"7801","6am",0,0.731859,0,0,99.26814101
"7802","6am",0,0.5791031,0,0,99.42089689
"7803","6am",0.6697162,0.4626804,0.14476026,0.1707726,98.55207062
"7804","6am",0.8757813,0,0,0,99.12421866
"7805","6am",0,0,0,0,100
"7806","6am",0,0,0.12303903,0,99.87696097
"7807","6am",0,0.4158316,0,1.3395065,98.24466192
"7808","6am",0,0,0,0.5485487,99.45145126
"7809","6am",2.3743321,0,0,0,97.62566793
"7810","6am",0,0,0,0,100
"7811","6am",1.0804811,0,0,0,98.91951885
"7812","6am",0,0.4364329,0,0.2407033,99.32286377
"7813","6am",0,0,0,0,100
"7814","6am",0,0,0,0,100
"7815","6am",0,0,5.33982419,0.3870397,94.27313613
"7816","6am",0,0,0,0,100
"9101","6am",0,0,0.46916977,0,99.53083023
"9102","6am",0.8444614,0,0.61747204,0,98.53806656
"9103","6am",0,0,0,0.3983427,99.60165726
"9104","6am",0,0,0,0,100
"9105","6am",0,0,0,0,100
"9106","6am",0,0,0,0,100
"9107","6am",0.4468954,0,0,0,99.5531046
"9108","6am",0,0,0,0,100
"9109","6am",1.3313267,0,0.45072008,0.400915,97.8170382
"9110","6am",0,0,0,0,100
"9111","6am",1.5820754,0.3120694,0.16074043,0,97.94511479
"9112","6am",0,0,1.19580071,0,98.80419929
"9113","6am",0,0,0,0,100
"9114","6am",0,0,0,0,100
"9201","6am",0,2.729055,0.58659195,95.8615272,0.82282581
"9202","6am",0,0,0,98.1368001,1.86319988
"9203","6am",0.528422,0.5526136,0.22751864,98.4632514,0.22819438
"9204","6am",0,0,0.81288843,98.5714351,0.61567651
"9205","6am",0.4134158,0.8378243,0.39808991,98.0758957,0.27477427
"9206","6am",0,0,0,98.8532591,1.14674091
"9207","6am",0,0.3480059,0,98.928293,0.72370117
"9208","6am",0.7173801,0,0,98.836803,0.44581688
"9209","6am",0,0,0.41361474,98.038357,1.54802822
"9210","6am",0.7210101,0,0,99.0563164,0.22267355
"9211","6am",1.4184042,0,0.28825925,98.2933365,0
"9212","6am",0,0,0,99.3497102,0.65028978
"9302","6am",0,96.7164714,1.58489175,0,1.69863687
"9303","6am",0.3858783,99.4470956,0.16702615,0,0
"9304","6am",0,100,0,0,0
"9305","6am",0,99.9499743,0,0,0.05002572
"9306","6am",0,98.3948823,0.35532507,0,1.24979261
"9307","6am",4.7508758,94.8094784,0,0,0.43964588
"9308","6am",1.4054989,97.3156096,0,1.2788915,0
"9309","6am",2.1419,94.6436634,0.09492076,0,3.11951587
"9310","6am",0.6735479,98.1266105,0,0.7823851,0.4174565
"9311","6am",0,98.8506467,0,0.14735,1.00200325
"9312","6am",0.5376009,97.3525508,0,0.1504884,1.9593599
"9402","6am",0.8168252,0.2748452,97.72123576,0,1.1870938
"9403","6am",0,0,99.46441603,0,0.53558397
"9404","6am",0,0.5730813,97.65165747,0.368242,1.40701929
"9405","6am",2.1393485,0.7241576,90.1735252,0.4681701,6.49479867
"9406","6am",0.6554385,0.1422541,98.24131188,0.9609956,0
"9407","6am",0,0,98.99845495,0.1866473,0.81489772
"9408","6am",0,1.1180935,98.07581017,0,0.80609632
"9409","6am",0,0.5118991,99.48810086,0,0
"9410","6am",0,1.104408,98.89559196,0,0
"9411","6am",0,0,99.54483281,0,0.45516719
"9412","6am",3.885442,0,95.35250029,0,0.76205767
"9413","6am",0,0,100,0,0
"9414","6am",0,1.2436451,98.75635491,0,0
"9501","6am",0.6604916,0,0,0.2894822,99.05002623
"9502","6am",0,0,0,0,100
"9503","6am",0,0,0.78742565,0,99.21257435
"9504","6am",0,0,0,0,100
"9505","6am",1.2586897,0.6989153,1.70846085,0,96.33393411
"9506","6am",0.4468712,0.5413249,0,0,99.01180382
"9507","6am",0,0,0.42036014,0,99.57963986
"9508","6am",0,0,0,0,100
"9509","6am",0,0,0,0,100
"9510","6am",0,0.6486707,0,0,99.35132934
"9511","6am",0,0,0,0,100
"9512","6am",0,0,0,0.9005175,99.09948248
"9513","6am",0.804845,0,0.39728944,0,98.79786552
"7501","7am",95.34865,1.172297,1.06260342,0.4340397,1.9824099
"7502","7am",92.0634414,2.1226291,1.47153038,2.2572492,2.0851498
"7503","7am",89.6512358,2.6238482,1.50991429,1.0264032,5.1885985
"7504","7am",89.8321152,4.7599929,0.27578628,1.1063415,4.025764
"7505","7am",98.4875836,0.6727758,0,0.444234,0.3954067
"7506","7am",92.1736431,0.8876735,2.03802347,1.6636984,3.2369615
"7507","7am",92.4351239,1.2383454,1.81120298,1.2229912,3.2923365
"7508","7am",95.8222418,0.5857631,0.49792366,0.7230163,2.3710551
"7509","7am",96.2457169,0.1888526,0.2531221,1.8909837,1.4213248
"7510","7am",95.5262972,0.5526011,1.0340775,0.9009846,1.9860396
"7511","7am",96.3964961,1.4057422,0,0.3941635,1.8035982
"7512","7am",97.6179612,0.824864,0.28527282,0.1575545,1.1143475
"7513","7am",96.6658196,0.8938806,0.72445632,0,1.7158434
"7514","7am",95.8636518,0,0.96760333,0.245672,2.9230729
"7701","7am",0,2.268956,0.89375591,0,96.8372881
"7702","7am",0.9810017,39.3967343,32.61064669,0,27.0116172
"7703","7am",0.9907468,3.2077878,0,0.9791788,94.8222866
"7704","7am",0,0,0,0,100
"7705","7am",0,0.3456238,0,0,99.6543762
"7706","7am",0,0,0,0,100
"7707","7am",0,0,0,0,100
"7708","7am",0,1.3295425,0,0,98.6704575
"7709","7am",0,0,0.39568695,0,99.604313
"7710","7am",0,0.4603257,0.41692827,0,99.122746
"7711","7am",1.472896,0,0,0,98.527104
"7712","7am",0.9063838,0,0.09920969,0,98.9944065
"7713","7am",0,0,0,1.2819936,98.7180064
"7714","7am",0,0,0,0,100
"7715","7am",0,0,0,0,100
"7716","7am",0,0.1644589,0,0,99.8355411
"7801","7am",0,0.7608654,0.57498799,0,98.6641466
"7802","7am",0,0.6104469,0,0,99.3895531
"7803","7am",0.7106198,0.4909391,0,0.1812027,98.6172384
"7804","7am",0.9333439,0,0,0,99.0666561
"7805","7am",0,0,0,0,100
"7806","7am",0,0.8350311,0.12953186,0,99.035437
"7807","7am",0,0.4591415,0,1.4790195,98.061839
"7808","7am",0,0,0,0.6033585,99.3966415
"7809","7am",2.562496,0,0,0,97.437504
"7810","7am",0,0,0,0,100
"7811","7am",1.1109659,0,0,0,98.8890341
"7812","7am",0,0.4513575,0.12303927,0.8698265,98.5557768
"7813","7am",0,0,0.20919017,0,99.7908098
"7814","7am",0,0,0,0,100
"7815","7am",0,0,5.75683044,0.417265,93.8259046
"7816","7am",0,0,0,0.4685414,99.5314586
"9101","7am",0,0,0,0,100
"9102","7am",0.8556159,0,0.62562824,0,98.5187559
"9103","7am",0,0,0.26475043,0.432576,99.3026736
"9104","7am",0,0,0,0,100
"9105","7am",0,0.883782,0,0,99.116218
"9106","7am",0,0,0,0,100
"9107","7am",0.479828,0,0.25531535,0,99.2648567
"9108","7am",0,0,0,0,100
"9109","7am",1.3740264,0,0.46517604,0.4137736,97.747024
"9110","7am",0,0,0,0,100
"9111","7am",1.59772,0.6937395,0.16232993,0.3401162,97.2060945
"9112","7am",0,0,1.29016219,0,98.7098378
"9113","7am",0,0.3132401,0.1737679,0.4654157,99.0475764
"9114","7am",0,0,0,0,100
"9201","7am",0.194871,3.5911263,0.58711835,91.6840487,3.9428355
"9202","7am",0.9204835,0,0.25276791,95.0445017,3.7822469
"9203","7am",1.9522395,1.6469178,0.40713946,94.5610757,1.4326276
"9204","7am",1.2907464,0.734971,0.7677553,93.9771903,3.2293369
"9205","7am",0.4075348,1.1611794,0.39242693,95.5683758,2.4704831
"9206","7am",0,0.4570143,0.49369239,96.9432574,2.1060359
"9207","7am",0,0.3571324,0.20450716,98.6956799,0.7426805
"9208","7am",0.9936595,0,0,97.9042283,1.1021122
"9209","7am",0.5077673,0,0.42829729,97.3197241,1.7442113
"9210","7am",1.6178626,0,0.41248529,97.5344809,0.4351712
"9211","7am",1.443081,1.0927013,1.27200081,95.832874,0.359343
"9212","7am",0,0,0.38367904,96.8785333,2.7377876
"9302","7am",0,90.885987,1.62001424,1.2712367,6.2227621
"9303","7am",0.3903425,99.0416098,0.16895847,0,0.3990893
"9304","7am",0.8644032,98.2840083,0,0,0.8515885
"9305","7am",0,99.6540657,0,0,0.3459343
"9306","7am",0,98.3178985,0.37236699,0,1.3097345
"9307","7am",5.1060944,94.4213878,0,0,0.4725178
"9308","7am",0,97.8071075,0,1.3727155,0.820177
"9309","7am",3.3298038,92.516942,0.09919391,0,4.0540604
"9310","7am",0.727456,97.2823714,0,0.8450042,1.1451684
"9311","7am",0.403597,96.2625902,0.14750979,0.1550206,3.0312824
"9312","7am",0.782277,94.918951,0.22882737,0.1528805,3.9170641
"9402","7am",1.3930531,0.4636315,96.00826849,0.2991661,1.8358808
"9403","7am",0,0.9179634,97.06368899,0.6358676,1.3824801
"9404","7am",0,0.5833201,93.4646289,0.7942982,5.1577528
"9405","7am",1.0181863,2.1296846,88.0707101,0.4751352,8.3062838
"9406","7am",3.2711118,0.8166848,94.71489825,0,1.1973051
"9407","7am",0,0.7260464,97.33803215,0.1934764,1.7424451
"9408","7am",0.577318,1.1743501,97.40167714,0,0.8466548
"9409","7am",0,0.4224104,98.8933871,0,0.6842025
"9410","7am",0,1.8731319,96.47638531,0,1.6504828
"9411","7am",0,1.0219972,93.95275033,0,5.0252525
"9412","7am",4.0774731,0,92.91540476,0,3.0071222
"9413","7am",0,0,96.91513592,0,3.0848641
"9414","7am",0,1.352883,98.647117,0,0
"9501","7am",0.6977961,0,0,0.3058321,98.9963718
"9502","7am",0,0,0,0,100
"9503","7am",0,0,0.84442566,0,99.1555743
"9504","7am",0,1.0540894,0,0,98.9459106
"9505","7am",1.2979776,2.713471,1.76178757,0,94.2267638
"9506","7am",0.4497119,0.544766,0,0,99.0055222
"9507","7am",0,0.1769999,0.4554404,0,99.3675597
"9508","7am",0.3488319,0,0.27817273,0,99.3729954
"9509","7am",0,0,0,0,100
"9510","7am",0,0.7034511,0,0,99.2965489
"9511","7am",0,0,0.54232861,0.1810206,99.2766508
"9512","7am",0,0,0,0.9334014,99.0665986
"9513","7am",0.8531876,1.5983213,0.42115238,0,97.1273388
"7501","8am",82.6962845,3.1135914,2.1138075,2.5751116,9.501205
"7502","8am",81.4680999,3.0038975,3.0698774,5.1731358,7.284989
"7503","8am",75.3338327,5.2987579,3.6953737,3.046625,12.625411
"7504","8am",82.3506586,5.993569,0.9817788,2.4742543,8.199739
"7505","8am",95.4992929,0.9407719,0,1.6633288,1.896606
"7506","8am",83.7879715,3.3786453,3.951724,2.9169419,5.964717
"7507","8am",85.5252232,1.7644789,5.1598005,2.0498243,5.500673
"7508","8am",92.3621163,1.2160817,1.3406476,1.4429768,3.638178
"7509","8am",89.0497903,1.3039462,1.3710291,4.0102385,4.264996
"7510","8am",90.0432267,1.2301639,1.4406892,2.3481626,4.937758
"7511","8am",88.3125141,2.3885703,1.2181543,1.5373138,6.543448
"7512","8am",93.6323899,2.1772324,0.578492,1.0041124,2.607773
"7513","8am",90.3622461,2.0752912,0.838036,1.3504062,5.374021
"7514","8am",94.8244184,0.9938306,1.594616,0.4786468,2.108488
"7701","8am",0,3.2781484,1.3463923,0.6868402,94.688619
"7702","8am",1.3395641,39.5157299,30.9202558,0.2388502,27.9856
"7703","8am",1.0603051,5.9895519,0.5686096,0.7037693,91.677764
"7704","8am",0,0.7847257,0.5810557,0,98.634219
"7705","8am",0,0.3837629,0,2.2707131,97.345524
"7706","8am",0,0,0,0,100
"7707","8am",0,0,0.5808012,0,99.419199
"7708","8am",0,2.3339562,0,0,97.666044
"7709","8am",0,0.5201882,3.05423,0,96.425582
"7710","8am",0,0.4984609,1.3593412,0,98.142198
"7711","8am",1.6625173,0.1512909,1.6598389,0,96.526353
"7712","8am",0.9545367,0,0.1044803,0,98.940983
"7713","8am",0,0,0,1.3555977,98.644402
"7714","8am",0,0,0,0,100
"7715","8am",0,0,0,0,100
"7716","8am",0,0.1905286,2.9708735,0,96.838598
"7801","8am",0,0,0.6896992,0,99.310301
"7802","8am",0,0.6992836,0,3.4424996,95.858217
"7803","8am",0.7952517,0.5494079,0,0.5730251,98.082315
"7804","8am",1.0531088,0,0,0,98.946891
"7805","8am",0.6762129,0,0,0.4303829,98.893404
"7806","8am",0.6345265,0.8994148,0.1395192,0,98.326539
"7807","8am",0,0.4777593,0.6164601,1.5389924,97.366788
"7808","8am",0.9477004,0,0,0.6738328,98.378467
"7809","8am",1.2761332,0,0,0.6930815,98.030785
"7810","8am",0,0,0,0,100
"7811","8am",1.323589,0,0.3733808,0,98.30303
"7812","8am",0.8435418,1.3037057,0.5090483,3.9096325,93.434072
"7813","8am",0,0,0.2449331,0.6168551,99.138212
"7814","8am",0,0,0,0,100
"7815","8am",0.6123246,0,8.2671206,0.4892412,90.631314
"7816","8am",1.1102263,0.2921544,0.2739929,1.8132087,96.510418
"9101","8am",0,0.4909859,2.1390166,0,97.369998
"9102","8am",0.9678475,0,0.7076922,0,98.32446
"9103","8am",0,0,0.7368166,0.4966747,98.766509
"9104","8am",0,0,0,0,100
"9105","8am",1.0265138,1.5345745,0,0,97.438912
"9106","8am",0.9444908,0,0.1006019,0.6715314,98.283376
"9107","8am",0,0.2359981,0.6096121,0,99.15439
"9108","8am",0,0,0.6399366,0,99.360063
"9109","8am",2.350613,0.3943681,0.7930386,0.4297109,96.032269
"9110","8am",0,0.3413363,0,0,99.658664
"9111","8am",1.7059315,1.9628206,1.2266304,0.3631518,94.741466
"9112","8am",0,0,1.4490724,0,98.550928
"9113","8am",0.8356038,0.3255916,0.6978317,2.4494232,95.69155
"9114","8am",0,0,3.0119345,0,96.988065
"9201","8am",0.216164,6.4726102,0.5162388,85.991488,6.803499
"9202","8am",1.8409038,0.9902739,0.7489986,89.8987088,6.521115
"9203","8am",2.8447969,3.1785764,1.0758065,88.4325514,4.468269
"9204","8am",2.8153133,2.7309022,1.7674234,81.8066179,10.879743
"9205","8am",4.5921417,2.7418144,1.1600158,84.5961886,6.909839
"9206","8am",1.8805367,0.600295,0.6995616,88.5531389,8.266468
"9207","8am",0.4007885,0.3934707,1.4646398,94.7949365,2.946165
"9208","8am",2.3447645,0.6689996,0.3252111,93.7238527,2.937172
"9209","8am",1.2216049,0.3693264,1.6994919,90.352417,6.35716
"9210","8am",2.9004664,0.2496301,1.7686591,89.6530495,5.428195
"9211","8am",4.8759111,3.070961,3.8630369,86.2863119,1.903779
"9212","8am",0.9953635,0.6376612,0.7818094,91.9826205,5.602545
"9302","8am",0,89.3212055,1.5045723,1.3846944,7.789528
"9303","8am",2.2105372,93.8986754,0.2168472,0.9199191,2.754021
"9304","8am",0.9045995,92.6751268,2.0467186,1.344194,3.029361
"9305","8am",0,98.2192439,0,0.5711274,1.209629
"9306","8am",0.5057644,95.6412611,1.3104926,0,2.542482
"9307","8am",5.7988164,92.8437691,0,0,1.357415
"9308","8am",0.7496024,91.7952693,0,2.157833,5.297295
"9309","8am",3.4520647,88.5421408,0.102836,0,7.902958
"9310","8am",1.1459949,95.4917632,0.8909875,0.8932572,1.577997
"9311","8am",0.7446226,93.448958,0.6842686,1.3865211,3.73563
"9312","8am",2.5902289,86.23839,0.8966705,1.4351944,8.839516
"9402","8am",1.8855632,1.6739602,88.6448066,3.4582911,4.337379
"9403","8am",2.1428277,3.0898394,91.2495489,1.2080608,2.309723
"9404","8am",0,0.6102836,90.4306214,0.831014,8.128081
"9405","8am",1.0682873,2.2344781,80.4264043,0.9615402,15.30929
"9406","8am",3.2940868,1.0036368,90.7957848,1.7698448,3.136647
"9407","8am",0.7632289,2.2289286,93.7259511,0.8344238,2.447468
"9408","8am",0.9873139,2.3300123,95.4092119,0,1.273462
"9409","8am",1.5032044,3.3653863,91.8952488,0.3293631,2.906797
"9410","8am",0,2.3610886,94.8121528,0,2.826759
"9411","8am",0,1.0955815,89.7531099,0,9.151309
"9412","8am",5.0118008,0,93.235328,0,1.752871
"9413","8am",0,2.9382404,92.1235004,0,4.938259
"9414","8am",0,1.5333802,95.8135082,0,2.653112
"9501","8am",0,1.4836252,0.2573288,2.2787284,95.980318
"9502","8am",0,0.8363915,0,0.338094,98.825514
"9503","8am",0,0,0.9257864,0,99.074214
"9504","8am",0,1.2385722,0,0,98.761428
"9505","8am",2.3950286,5.8496867,2.0334732,0,89.721812
"9506","8am",0.5146505,1.1115629,0.8211885,0,97.552598
"9507","8am",0.602888,0.195198,0.5022662,1.8525826,96.847065
"9508","8am",0.761287,0.796979,0.29899,1.0911949,97.051549
"9509","8am",0,0,0,1.0127054,98.987295
"9510","8am",0,1.5229388,0,0.5598194,97.917242
"9511","8am",0,0,0.6149608,0,99.385039
"9512","8am",0,0,0,1.123723,98.876277
"9513","8am",1.1472766,2.1492538,0,0,96.70347
"7501","9am",62.7366235,7.2879526,7.0571721,8.385005,14.533247
"7502","9am",66.5415099,5.0998866,5.8577822,7.8499507,14.650871
"7503","9am",52.2747532,5.970805,7.5506111,12.8752252,21.328606
"7504","9am",71.0942633,8.9422064,3.2486883,2.5608738,14.153968
"7505","9am",84.3634832,2.7009322,4.76439,2.1935868,5.977608
"7506","9am",70.0793396,5.7397198,6.9529701,4.4962018,12.731769
"7507","9am",71.5020389,3.9093452,7.8451372,4.8734263,11.870052
"7508","9am",79.5427682,2.9702352,3.6212909,5.8367342,8.028971
"7509","9am",73.3513042,3.1852975,3.0162386,10.3596857,10.087474
"7510","9am",75.3859449,3.8436165,4.247258,7.9477482,8.575432
"7511","9am",71.8494013,5.8448487,3.3727009,4.3542158,14.578833
"7512","9am",85.1385844,4.3286704,3.0496249,2.6736186,4.809502
"7513","9am",83.0334969,3.9974989,1.0409262,2.7443771,9.183701
"7514","9am",86.5304302,4.4084385,2.8589776,0.9022192,5.299934
"7701","9am",1.7644129,6.9987924,4.3295518,0.6281526,86.27909
"7702","9am",5.5237214,30.6925781,30.4282676,1.0812575,32.274175
"7703","9am",3.0666143,10.2864899,0.5519789,1.2841343,84.810783
"7704","9am",0.7624662,0.7618295,0.994957,0,97.480747
"7705","9am",1.4464623,0.4514534,0,2.6712359,95.430848
"7706","9am",0,0,0,0.6319456,99.368054
"7707","9am",0,0,0.5521482,0,99.447852
"7708","9am",0,3.8922267,0,0,96.107773
"7709","9am",0,0.5203425,4.4222421,0,95.057415
"7710","9am",1.2174927,0.5856775,1.2158533,0,96.980977
"7711","9am",2.2375677,0.1611158,1.842052,0,95.759264
"7712","9am",0.9462932,0,0.103578,0,98.950129
"7713","9am",0,0,0,1.3551954,98.644805
"7714","9am",0.7952894,0,0,0,99.204711
"7715","9am",0,0,0,0,100
"7716","9am",2.3553761,1.5954607,2.8120435,0,93.23712
"7801","9am",0.8225972,0,0,0.7355748,98.441828
"7802","9am",1.2053464,1.382522,0,5.0663588,92.345773
"7803","9am",2.1148624,1.648788,0.560462,2.9938838,92.682004
"7804","9am",1.1779941,0.2660164,0,0,98.55599
"7805","9am",1.2367079,0,0,1.0251059,97.738186
"7806","9am",0.9281635,1.3279337,0.1452304,0.3928767,97.205796
"7807","9am",0,0.4810922,0.6207607,1.5497287,97.348418
"7808","9am",0.9897159,0,0,0.7037066,98.306577
"7809","9am",0,0,0,0.7323987,99.267601
"7810","9am",0,0,0,0,100
"7811","9am",3.6225722,0.5093582,0.4320649,0.8791033,94.556901
"7812","9am",3.2526557,1.2097191,1.1266305,6.4165233,87.994471
"7813","9am",0,0,0.2641473,0.6652454,99.070607
"7814","9am",0,0,0,2.6315366,97.368463
"7815","9am",1.987291,0,8.7908963,0.5202378,88.701575
"7816","9am",3.4785578,0.8590743,0.4958586,5.4396271,89.726882
"9101","9am",4.6315662,0.4022874,3.5482643,0,91.417882
"9102","9am",2.0259258,0,1.7290055,0,96.245069
"9103","9am",0,0,1.5271099,0.4973466,97.975544
"9104","9am",1.1813594,0,0,0,98.818641
"9105","9am",2.7465622,1.5392103,0.9257642,0.8338093,93.954654
"9106","9am",2.6283304,0,0.795568,1.062922,95.51318
"9107","9am",0,0.2683471,4.3310958,1.7252973,93.67526
"9108","9am",0,2.366886,1.5889118,0,96.044202
"9109","9am",2.6469909,0.4440921,2.4749017,1.0056341,93.428381
"9110","9am",0,0.3412125,1.3238426,0,98.334945
"9111","9am",5.2880399,2.0633792,2.3092865,4.6671308,85.672163
"9112","9am",2.508205,0,1.7701919,1.4972193,94.224384
"9113","9am",1.7661717,0.3097843,2.8916071,10.0001236,85.032313
"9114","9am",3.4459765,0,3.1590853,0.4816396,92.913299
"9201","9am",1.9199194,9.278856,0.9485994,73.5043019,14.348323
"9202","9am",3.7313964,1.3988292,1.167979,82.6450923,11.056703
"9203","9am",7.0615235,5.7346179,2.6556807,74.9503615,9.597816
"9204","9am",5.3764409,2.1524417,4.5950733,67.3788629,20.497181
"9205","9am",13.3173842,4.6815191,1.9922694,60.6872191,19.321608
"9206","9am",6.6630857,2.0658014,1.1348584,76.3947517,13.741503
"9207","9am",6.1778854,0.4468985,3.1419758,81.8376253,8.395615
"9208","9am",7.6881529,1.324772,0.9410265,83.8142204,6.231828
"9209","9am",7.5088492,0.8252439,5.1201429,73.2419165,13.303847
"9210","9am",5.653891,0.8698239,3.2505038,78.1952783,12.030503
"9211","9am",7.8864108,5.7588139,4.9079417,78.1269097,3.319924
"9212","9am",4.6380537,1.6717449,1.6616638,80.43708,11.591458
"9302","9am",0,83.9761103,2.7063841,2.9952631,10.322242
"9303","9am",4.8983943,83.5051773,2.375501,3.7831007,5.437827
"9304","9am",7.1570288,79.9319234,3.8983727,2.1767724,6.835903
"9305","9am",0,94.3164476,0,2.2056323,3.47792
"9306","9am",2.3830489,91.9837549,1.5117359,0,4.12146
"9307","9am",5.9214534,89.2038655,0.5011473,0,4.373534
"9308","9am",2.3665608,87.4041748,0,2.2638546,7.96541
"9309","9am",4.9676199,79.6540028,1.6059038,0.8738113,12.898662
"9310","9am",1.7916892,92.2903258,1.376843,0.9428925,3.59825
"9311","9am",3.2429211,86.548044,0.7104358,2.0275121,7.471087
"9312","9am",8.6187627,72.8727007,2.1291316,3.7819538,12.597451
"9402","9am",3.1233824,1.7018131,82.154487,6.0887203,6.931597
"9403","9am",6.6060752,4.119337,77.356235,5.1185172,6.799836
"9404","9am",0.8163642,0.6116418,85.431621,2.0492405,11.091133
"9405","9am",5.4425384,2.0784236,69.1549093,5.7023188,17.62181
"9406","9am",5.7455451,1.3866798,82.1160856,3.2120748,7.539615
"9407","9am",2.8822371,3.6808453,85.4269915,1.7187917,6.291134
"9408","9am",2.8839314,2.5131527,91.2114504,0,3.391466
"9409","9am",6.1634199,5.8496227,81.8790768,1.5954945,4.512386
"9410","9am",4.8001327,2.5186565,85.4501831,1.0735556,6.157472
"9411","9am",0,1.1110724,81.9397984,0,16.949129
"9412","9am",5.6973854,0,88.1518004,0,6.150814
"9413","9am",0.772073,5.6891484,86.6123127,0,6.926466
"9414","9am",0,1.6661832,90.9466271,0,7.38719
"9501","9am",0.4851542,1.7529295,0.2410311,2.695669,94.825216
"9502","9am",0,0.7601475,0.3422987,0.307274,98.59028
"9503","9am",0,0.9351343,0.9594903,0,98.105375
"9504","9am",1.3388375,1.5233586,0,0,97.137804
"9505","9am",4.5193984,9.2482368,2.7150824,0.5870313,82.930251
"9506","9am",0.5124308,3.5678585,0.8176467,0,95.102064
"9507","9am",2.042067,2.1273058,0.5087718,2.5564394,92.765416
"9508","9am",1.3989714,0.8587145,0.3221503,2.5410775,94.879086
"9509","9am",0,0,0,1.6153105,98.384689
"9510","9am",0,0.8164722,0,0.6095884,98.573939
"9511","9am",2.7888399,0.7114729,0.6973534,0.3428153,95.459518
"9512","9am",2.0001422,1.2624609,0,1.2958404,95.441557
"9513","9am",1.327087,2.4861021,0,0,96.186811
"7501","10am",53.4213951,8.6254282,7.7204444,9.6819295,20.550803
"7502","10am",57.5092341,7.1215496,7.3067147,10.3904144,17.672087
"7503","10am",46.1894,6.2782847,8.3984705,14.5159243,24.61792
"7504","10am",61.5786202,11.1133745,5.0840379,4.8252562,17.398711
"7505","10am",79.0453099,3.4207488,5.3941645,4.5556181,7.584159
"7506","10am",60.7214426,6.6441117,11.3250979,4.8171477,16.4922
"7507","10am",63.7500275,4.2784273,9.7823746,6.6407728,15.548398
"7508","10am",69.5605467,3.8978182,6.3861764,8.5138746,11.641584
"7509","10am",64.0939652,3.9684637,5.5466469,13.5514416,12.839483
"7510","10am",64.7433004,4.2696574,6.4642702,10.4152888,14.107483
"7511","10am",62.8499418,8.0467361,3.383664,7.0432105,18.676448
"7512","10am",79.1226757,7.1048574,3.0192244,4.6728291,6.080413
"7513","10am",73.6344362,7.1526864,1.3339425,5.4028858,12.476049
"7514","10am",82.1553723,5.589466,4.4773,1.5100341,6.267828
"7701","10am",2.5593075,8.1556548,5.7188257,0.5989891,82.967223
"7702","10am",6.9614078,28.4931501,29.9835322,1.4126447,33.149265
"7703","10am",2.9034373,12.5022197,0.7866391,0.3576779,83.450026
"7704","10am",0.7503012,2.139783,0.5551019,0,96.554814
"7705","10am",1.4676173,0.4580561,0,2.7103036,95.364023
"7706","10am",0,0,0,0.6561624,99.343838
"7707","10am",1.1943618,0,0.5653909,0,98.240247
"7708","10am",0,5.6776806,0,0,94.322319
"7709","10am",0,1.1169056,5.8870768,0,92.996018
"7710","10am",1.2899722,0,3.3614043,0,95.348623
"7711","10am",2.7509864,0.1522506,2.7663055,0,94.330458
"7712","10am",0.8969548,0,1.233527,0,97.869518
"7713","10am",0,0,0,1.3698167,98.630183
"7714","10am",1.5408949,0,0,0,98.459105
"7715","10am",0,0,0,0,100
"7716","10am",2.3288955,0.1665941,4.0093102,0,93.4952
"7801","10am",0.8734117,0,0,0.7810137,98.345575
"7802","10am",1.166125,1.3375355,0.5222979,6.6120646,90.361977
"7803","10am",2.0913696,1.020316,0.5542362,3.2712125,93.062866
"7804","10am",1.2944099,0.2923056,0,0,98.413284
"7805","10am",1.2028054,0,0.1662671,3.6687018,94.962226
"7806","10am",0.8926192,1.27708,1.497736,0.7116256,95.620939
"7807","10am",0,0.4521669,0.5834379,1.4565524,97.507843
"7808","10am",1.8774019,0,0,0.7792357,97.343362
"7809","10am",1.3142373,0,0.3246082,1.447056,96.914099
"7810","10am",0,0,0,0,100
"7811","10am",3.6385365,0.5116029,0.5877305,1.4671551,93.794975
"7812","10am",4.5644848,1.0798058,0.7230654,8.0544126,85.578231
"7813","10am",0,0,0.2773138,3.3058343,96.416852
"7814","10am",0,0,0,2.6176358,97.382364
"7815","10am",2.0322246,0,8.9896623,0,88.978113
"7816","10am",5.2182742,0.7679358,0.3379088,7.7832676,85.892614
"9101","10am",5.3613603,0.3431073,4.5665931,0,89.728939
"9102","10am",2.0011795,0,1.7078861,0,96.290934
"9103","10am",0,0,1.1579669,0.5265767,98.315456
"9104","10am",1.2190273,0,0,1.8695829,96.91139
"9105","10am",2.5733161,1.4421208,1.3723909,1.2993677,93.312805
"9106","10am",4.7785727,0,0.9490017,1.1002823,93.172143
"9107","10am",0,0.2772175,4.9956271,1.7823285,92.944827
"9108","10am",0,4.6427532,2.0036605,0,93.353586
"9109","10am",2.5313535,0.4246913,3.449903,1.9503369,91.643715
"9110","10am",0,0.3554844,1.3792146,0,98.265301
"9111","10am",7.3726136,2.4158652,2.4052569,4.6190637,83.187201
"9112","10am",3.9169868,0.8876745,1.7991309,1.5216958,91.874512
"9113","10am",5.0112891,0.2760491,2.9563214,12.4860946,79.270246
"9114","10am",6.0612987,0,3.6012626,1.7140092,88.62343
"9201","10am",3.7505371,10.0172956,1.2692701,68.1403944,16.822503
"9202","10am",6.2461495,4.6054631,1.1059052,74.7252827,13.317199
"9203","10am",12.1636499,5.2790221,4.0971529,65.7059457,12.754229
"9204","10am",9.5750914,3.6197958,4.5713234,58.6667051,23.567084
"9205","10am",21.3976273,4.9441333,3.5354963,46.5646954,23.558048
"9206","10am",8.1746385,3.1805477,1.7558412,68.9917155,17.897257
"9207","10am",10.9914872,1.1508123,3.8552472,72.9848562,11.017597
"9208","10am",12.2785883,3.5270306,2.0995394,75.9750375,6.119804
"9209","10am",11.7593179,1.7676921,5.8329785,64.1337653,16.506246
"9210","10am",8.7178925,0.4503282,3.9671936,71.0208878,15.843698
"9211","10am",10.4111882,6.2084269,7.1764511,71.3128025,4.891131
"9212","10am",7.1967511,1.9766005,2.0611135,73.6979758,15.067559
"9302","10am",1.5604641,80.8786368,4.817921,3.1950998,9.547878
"9303","10am",7.4663751,78.2404794,4.081204,3.6546869,6.557255
"9304","10am",9.563152,70.8317732,6.2380338,3.2775064,10.089535
"9305","10am",1.6849024,89.3923101,0,2.3074399,6.615348
"9306","10am",2.3512196,91.1495566,1.1633675,0.4048779,4.930978
"9307","10am",5.9380997,89.5273476,0.5025561,0,4.031997
"9308","10am",3.0467598,87.5618733,0,2.2088898,7.182477
"9309","10am",5.045494,75.0007104,1.7002111,1.0937283,17.159856
"9310","10am",1.9710503,90.5885557,1.5146749,1.0372829,4.888436
"9311","10am",5.4474712,81.1331958,0.9443483,3.3532045,9.12178
"9312","10am",12.9584422,61.4235328,3.5823767,6.5019961,15.533652
"9402","10am",4.867954,2.2718288,79.8939769,6.1074392,6.858801
"9403","10am",10.8034066,4.2047534,69.6703067,6.275604,9.045929
"9404","10am",1.5402386,1.1256216,83.9902217,2.8799207,10.463997
"9405","10am",5.4190275,1.5341768,66.2227559,6.7898804,20.034159
"9406","10am",7.0812288,1.9524015,76.8085593,3.1885267,10.969284
"9407","10am",4.4334259,3.9541984,79.2180609,2.8129337,9.581381
"9408","10am",2.7740574,5.815777,86.4617651,0,4.9484
"9409","10am",8.3537561,7.1823935,75.9630643,2.3567793,6.144007
"9410","10am",4.7872475,2.5118956,81.2306673,1.7057944,9.764395
"9411","10am",0.780633,1.155681,78.3532432,0,19.710443
"9412","10am",5.5245845,0,88.5111548,0,5.964261
"9413","10am",0.8672002,6.3901096,85.1457986,0,7.596892
"9414","10am",0,1.6530993,88.3232264,0,10.023674
"9501","10am",0.9884284,1.7192625,0.8489962,3.2167476,93.226565
"9502","10am",0,0.699804,0.9179942,4.4055836,93.976618
"9503","10am",1.4591037,1.5342163,0.9686289,0,96.038051
"9504","10am",1.3204651,1.5024541,0,0,97.177081
"9505","10am",4.4582394,12.009529,2.6783404,0.9322774,79.921614
"9506","10am",1.0636501,3.6866009,1.900224,1.4522291,91.897296
"9507","10am",3.0040775,3.7468145,0.4988124,3.6635394,89.086756
"9508","10am",2.7044333,1.45935,0.5762859,3.6157036,91.644227
"9509","10am",0,0,0,1.6738542,98.326146
"9510","10am",0,2.4505393,0,0.8993221,96.650139
"9511","10am",3.9282454,0.7180878,0.7038371,0.8424332,93.807397
"9512","10am",2.0624801,2.8892665,0,1.8216997,93.226554
"9513","10am",3.2157337,2.4784365,0,0,94.30583
"7501","11am",51.4848081,9.2673093,7.9002583,10.6540689,20.693555
"7502","11am",55.4360428,7.6110251,7.6552992,11.3173705,17.980262
"7503","11am",43.6409677,6.6957762,8.5232781,15.3415854,25.798393
"7504","11am",58.2255425,12.954478,5.7573715,5.3819659,17.680642
"7505","11am",78.1872379,3.6376468,5.2299435,4.7578236,8.187348
"7506","11am",56.8864053,7.355347,12.952678,5.1180632,17.687507
"7507","11am",61.6886544,4.8941042,10.6501851,6.3179976,16.449059
"7508","11am",66.0818938,5.0605745,6.9302865,11.1891939,10.738051
"7509","11am",62.7987791,4.4719445,5.858486,12.8427754,14.028015
"7510","11am",61.0391195,5.7762955,7.2067887,10.1240524,15.853744
"7511","11am",61.6708523,8.283886,3.6015976,7.5552086,18.888456
"7512","11am",75.0620199,8.3822428,2.9274492,4.8478419,8.780446
"7513","11am",75.0651236,5.7607779,1.3326006,5.2960057,12.545492
"7514","11am",80.2555536,7.0103759,4.5436265,1.8654579,6.324986
"7701","11am",2.5434376,8.3205192,5.683364,0.5952748,82.857404
"7702","11am",7.3923773,29.976748,29.2016471,1.7146976,31.71453
"7703","11am",4.654709,16.6992335,1.3932632,0.339656,76.913138
"7704","11am",0.7485641,2.1348291,0.5538168,0.5576504,96.00514
"7705","11am",1.4897196,0.4649544,0,2.7511208,95.294205
"7706","11am",0,0,0,0.6656253,99.334375
"7707","11am",1.2167679,0,0.5759976,0,98.207235
"7708","11am",0,10.0411461,0.2354846,0,89.723369
"7709","11am",0,1.7387764,5.6234963,0,92.637727
"7710","11am",1.256392,0,3.8513439,0,94.892264
"7711","11am",2.8801167,0.1593972,1.9531463,0,95.00734
"7712","11am",0.8994859,0,1.2370078,0,97.863506
"7713","11am",1.5037818,0,0,1.2860282,97.21019
"7714","11am",2.3404719,0,0,0,97.659528
"7715","11am",0,0,0,0,100
"7716","11am",2.34723,0.1679056,3.7641228,0,93.720742
"7801","11am",0.8867803,0,0,0,99.11322
"7802","11am",1.3314664,0.6708188,0.596353,7.5495697,89.851792
"7803","11am",2.9054771,1.0035507,0.5451292,3.4901618,92.055681
"7804","11am",0,0.2949978,0,0,99.705002
"7805","11am",1.280551,0.2869212,0.1770141,3.1842175,95.071296
"7806","11am",0.8953455,1.2809806,1.5023106,0.7137991,95.607564
"7807","11am",1.7903462,0.4503941,0.5811504,1.4508417,95.727268
"7808","11am",1.9230724,0,0,0.7981917,97.278736
"7809","11am",1.2837271,0,0.3170724,1.4134624,96.985738
"7810","11am",0,0,0,0,100
"7811","11am",3.7166399,0.5225848,0.4432844,2.5981741,92.719317
"7812","11am",4.8480686,1.1792877,0.6997771,9.4665664,83.8063
"7813","11am",0,0,0.2633999,3.1399686,96.596632
"7814","11am",0,0,0,0,100
"7815","11am",2.2092024,0,9.7725338,0,88.018264
"7816","11am",5.4685751,0.7677081,0.3378087,7.9824978,85.44341
"9101","11am",5.3205925,0.3404984,4.5318687,0.6747368,89.132304
"9102","11am",2.08476,1.7056524,1.779217,0,94.430371
"9103","11am",0,0,4.2984046,0.5041838,95.197412
"9104","11am",2.0139596,0,0,1.9342721,96.051768
"9105","11am",3.7405584,1.4738084,1.4025463,1.6025974,91.780489
"9106","11am",4.8008885,0.9172919,1.4225013,1.1054205,91.753898
"9107","11am",0,0.2799733,5.5356625,1.8000463,92.384318
"9108","11am",0,4.7814972,2.5125268,0,92.705976
"9109","11am",3.1250811,0.4265406,3.8001557,1.9588293,90.689393
"9110","11am",0,0.3689271,1.4313699,0,98.199703
"9111","11am",7.2530406,2.0874411,2.3662471,4.5441492,83.749122
