"district","hour","occ1","occ2","occ3","occ4","occ5"
"7501","4am",62.43513,10.521432,7.507853,17.84513,1.69046
"7502","4am",52.90081,14.041641,4.718258,21.83189,6.507404
"7503","4am",60.08114,10.337382,6.080478,16.21915,7.281842
"7504","4am",62.02109,8.448239,10.771383,12.77838,5.980902
"7505","4am",59.18304,9.294541,8.551656,15.33211,7.638655
"7506","4am",60.34297,8.50111,6.370919,19.96883,4.816172
"7507","4am",56.44658,13.26903,6.767237,18.00078,5.516367
"7508","4am",56.09124,11.478236,5.481211,21.36053,5.58878
"7509","4am",56.13816,11.011474,4.082991,20.96149,7.805881
"7510","4am",50.16737,9.570903,4.719551,23.5014,12.040769
"7511","4am",57.04897,9.482119,6.828066,18.78718,7.853668
"7512","4am",58.67944,8.297295,8.224539,16.34596,8.452763
"7513","4am",53.0275,9.679517,9.82329,18.15816,9.311542
"7514","4am",55.59938,7.595975,9.526725,18.96626,8.311663
"7701","4am",64.72609,10.245574,6.030784,12.88581,6.111748
"7702","4am",62.57735,6.198647,6.716807,15.86436,8.642834
"7703","4am",64.98242,6.563686,5.46357,17.49065,5.49967
"7704","4am",54.20993,6.00761,5.699961,21.38273,12.69977
"7705","4am",64.44445,7.582861,6.495999,17.99108,3.485605
"7706","4am",56.17894,4.460755,7.383487,24.86423,7.112586
"7707","4am",54.89754,3.08403,6.955819,24.34554,10.717073
"7708","4am",61.53157,6.313368,5.353885,21.4577,5.343484
"7709","4am",63.66158,5.835368,3.575242,21.95471,4.973103
"7710","4am",61.15084,4.59956,6.810955,20.37967,7.058972
"7711","4am",58.87923,8.930275,5.795706,19.50646,6.888331
"7712","4am",53.79175,6.259127,6.692617,23.01361,10.242895
"7713","4am",46.7756,5.210985,7.24661,28.14849,12.618309
"7714","4am",53.05245,9.36415,4.904485,25.80687,6.872041
"7715","4am",55.17843,2.820682,5.929004,26.44064,9.631238
"7716","4am",67.86256,7.495349,5.900996,12.67551,6.065588
"7801","4am",64.98298,7.557079,3.227732,20.16465,4.067557
"7802","4am",50.58234,9.017316,5.225813,23.76724,11.407293
"7803","4am",57.9492,9.381459,5.305961,20.46683,6.896554
"7804","4am",52.86048,5.543789,6.527291,26.96874,8.099695
"7805","4am",58.2074,6.03511,6.263721,18.23987,11.253903
"7806","4am",55.09423,6.615325,5.94693,23.28317,9.060349
"7807","4am",44.54655,8.858502,10.061396,25.29528,11.238271
"7808","4am",62.79256,6.314015,5.288247,16.48598,9.11919
"7809","4am",62.4804,6.046195,5.842506,19.57582,6.055079
"7810","4am",51.81175,5.427483,5.595786,25.46666,11.698327
"7811","4am",58.44541,4.001918,3.335558,27.18709,7.030021
"7812","4am",54.98101,9.149582,4.335818,23.79704,7.736559
"7813","4am",55.97589,7.396495,6.489577,19.79797,10.340072
"7814","4am",59.54883,5.628703,3.994699,23.65167,7.176089
"7815","4am",56.35319,4.123795,3.803411,23.33338,12.386225
"7816","4am",68.70416,7.712112,4.773489,12.6195,6.190742
"9101","4am",58.86462,9.582562,8.875809,14.02708,8.649927
"9102","4am",60.44885,4.264799,4.150595,24.24311,6.892648
"9103","4am",60.4154,3.692747,5.616902,23.98103,6.293915
"9104","4am",60.88508,4.018858,3.453794,23.45918,8.183086
"9105","4am",62.54071,7.213973,5.564014,17.96608,6.715214
"9106","4am",56.18753,7.563914,6.718902,21.10109,8.428563
"9107","4am",57.81794,6.215995,5.616966,24.1163,6.23279
"9108","4am",56.41769,7.515192,5.743567,22.48056,7.842985
"9109","4am",60.28516,4.506276,5.604295,24.79326,4.811002
"9110","4am",57.04778,6.673297,7.644317,18.51156,10.123042
"9111","4am",59.75132,8.55288,5.697851,18.69187,7.306077
"9112","4am",60.14327,5.545068,6.088787,23.09954,5.123332
"9113","4am",59.35619,8.16055,4.800444,23.00323,4.679582
"9114","4am",53.92415,9.618629,4.46215,24.37566,7.619409
"9201","4am",57.51573,7.464552,8.362265,18.25023,8.407228
"9202","4am",58.63546,7.377188,8.140161,19.18247,6.66472
"9203","4am",58.39323,5.827444,7.080551,19.86494,8.833836
"9204","4am",59.89025,7.725514,8.022503,16.29099,8.070734
"9205","4am",64.85579,7.716859,6.358498,15.64608,5.422767
"9206","4am",62.59216,5.878727,5.387608,18.81187,7.32963
"9207","4am",58.75204,8.034038,4.545051,21.72915,6.939722
"9208","4am",58.42098,8.195485,5.798925,20.46118,7.123427
"9209","4am",63.48694,7.719944,5.848865,18.73662,4.207624
"9210","4am",58.17891,7.223805,4.953644,22.66912,6.974518
"9211","4am",59.14534,6.615535,6.627985,21.50078,6.110354
"9212","4am",58.5209,8.216105,3.821161,22.70222,6.739611
"9302","4am",56.85326,6.336205,4.817058,24.71825,7.275225
"9303","4am",52.35641,7.533769,9.844413,17.81096,12.454448
"9304","4am",56.33893,6.617315,11.0001,17.75887,8.28479
"9305","4am",51.26038,8.604262,10.070692,18.52133,11.543342
"9306","4am",58.42475,6.554299,6.495367,23.16938,5.356196
"9307","4am",48.23359,6.808459,7.831658,18.19947,18.926815
"9308","4am",53.10434,6.923856,9.051101,19.46265,11.458049
"9309","4am",54.97654,6.96005,9.546216,15.96189,12.555308
"9310","4am",53.7005,7.135184,9.169401,17.85521,12.139707
"9311","4am",48.51512,9.799559,11.199723,17.36061,13.124989
"9312","4am",50.93731,7.98093,12.216407,14.61491,14.250451
"9402","4am",53.33696,9.340155,8.701682,19.13121,9.489992
"9403","4am",56.33328,11.261357,7.39871,17.72548,7.28117
"9404","4am",56.30532,7.779572,7.724141,18.61324,9.577725
"9405","4am",60.01708,6.552787,5.743871,21.51715,6.16912
"9406","4am",56.37863,9.961671,8.243698,17.93384,7.482154
"9407","4am",59.46746,6.667494,6.462548,20.76115,6.641349
"9408","4am",55.92195,7.057181,6.415633,24.88108,5.724155
"9409","4am",61.56102,6.59642,5.88443,20.59698,5.361142
"9410","4am",60.3785,8.81679,4.943008,19.45502,6.406674
"9411","4am",56.68146,6.103963,7.615113,19.30358,10.295891
"9412","4am",62.62678,8.611657,7.084472,15.33612,6.34097
"9413","4am",54.31414,7.621324,8.752605,19.30839,10.003541
"9414","4am",58.62601,7.945452,3.886592,20.97131,8.570638
"9501","4am",60.6909,13.087295,7.272524,12.30881,6.640479
"9502","4am",58.9199,8.151628,6.986364,17.13165,8.810458
"9503","4am",61.809,3.897793,7.890612,21.16837,5.23423
"9504","4am",62.81513,6.052637,3.258285,21.44164,6.432307
"9505","4am",58.15362,7.7835,2.876222,20.42157,10.765086
"9506","4am",54.05124,7.52503,12.550074,15.54025,10.333409
"9507","4am",47.16708,9.152062,12.007444,15.69661,15.9768
"9508","4am",55.45759,6.949109,8.887807,17.24624,11.459249
"9509","4am",61.62186,6.758581,5.879813,18.80015,6.939601
"9510","4am",60.22685,5.104182,5.886291,20.29619,8.48648
"9511","4am",59.05729,4.627104,5.552638,24.79247,5.970497
"9512","4am",57.73164,7.513418,5.865126,20.35528,8.534534
"9513","4am",60.20155,4.138602,4.389625,22.05601,9.21422
"7501","5am",62.43513,10.521432,7.507853,17.84513,1.69046
"7502","5am",53.02041,14.005986,4.706278,21.77645,6.49088
"7503","5am",60.08114,10.337382,6.080478,16.21915,7.281842
"7504","5am",62.19269,8.410067,10.722715,12.72065,5.953878
"7505","5am",59.18304,9.294541,8.551656,15.33211,7.638655
"7506","5am",60.34297,8.50111,6.370919,19.96883,4.816172
"7507","5am",56.51075,13.24948,6.757267,17.97426,5.50824
"7508","5am",55.91931,11.523183,5.502675,21.44417,5.610665
"7509","5am",56.42385,10.939751,4.056397,20.82496,7.755038
"7510","5am",49.71146,9.658466,4.762729,23.71642,12.150929
"7511","5am",56.96012,9.501734,6.842191,18.82604,7.869914
"7512","5am",58.58978,8.315299,8.242385,16.38143,8.471104
"7513","5am",53.0275,9.679517,9.82329,18.15816,9.311542
"7514","5am",55.4894,7.61479,9.550323,19.01324,8.332251
"7701","5am",65.2221,10.16218,5.931361,12.67337,6.010991
"7702","5am",62.37812,6.231647,6.752566,15.94882,8.688847
"7703","5am",64.91556,6.576218,5.474002,17.52405,5.51017
"7704","5am",54.25527,6.001661,5.694317,21.36156,12.687196
"7705","5am",63.82392,7.715202,6.609371,18.30507,3.546438
"7706","5am",55.58138,4.354534,7.515507,25.30881,7.239762
"7707","5am",54.03719,3.142859,7.088505,24.80994,10.921506
"7708","5am",61.43859,6.328627,5.366825,21.50956,5.356398
"7709","5am",63.32803,5.888931,3.608059,22.15623,5.018751
"7710","5am",61.18252,4.595811,6.805402,20.36305,7.053217
"7711","5am",58.77865,8.952117,5.809882,19.55417,6.905179
"7712","5am",53.28935,6.327179,6.765382,23.26383,10.354261
"7713","5am",46.33282,5.254335,7.306895,28.38266,12.723282
"7714","5am",53.25252,9.324244,4.883584,25.6969,6.842756
"7715","5am",54.79438,2.844851,5.979807,26.6672,9.713763
"7716","5am",67.61468,7.553162,5.946511,12.77328,6.112374
"7801","5am",64.76244,7.604676,3.248062,20.29165,4.093176
"7802","5am",50.83333,8.971519,5.199272,23.64653,11.349357
"7803","5am",57.9492,9.381459,5.305961,20.46683,6.896554
"7804","5am",52.61429,5.572742,6.561381,27.10959,8.141997
"7805","5am",58.2074,6.03511,6.263721,18.23987,11.253903
"7806","5am",55.49956,6.555613,5.893251,23.07301,8.978567
"7807","5am",43.54795,9.018026,10.242581,25.7508,11.44065
"7808","5am",62.42297,6.376734,5.340776,16.64974,9.209773
"7809","5am",62.64035,6.02042,5.817599,19.49236,6.029265
"7810","5am",51.81175,5.427483,5.595786,25.46666,11.698327
"7811","5am",58.44541,4.001918,3.335558,27.18709,7.030021
"7812","5am",54.91796,9.25376,4.330846,23.76975,7.727687
"7813","5am",55.97589,7.396495,6.489577,19.79797,10.340072
"7814","5am",59.54883,5.628703,3.994699,23.65167,7.176089
"7815","5am",56.17282,4.140836,3.819129,23.4298,12.43741
"7816","5am",68.62396,7.731875,4.785721,12.65183,6.206606
"9101","5am",59.23329,9.496681,8.796262,13.90137,8.572405
"9102","5am",60.57265,4.251449,4.137602,24.16722,6.871072
"9103","5am",59.92676,3.738331,5.686238,24.27706,6.371609
"9104","5am",60.51149,4.057243,3.486782,23.68324,8.261245
"9105","5am",62.76588,7.170611,5.53057,17.85809,6.67485
"9106","5am",56.25835,7.551687,6.708041,21.06698,8.414939
"9107","5am",57.81794,6.215995,5.616966,24.1163,6.23279
"9108","5am",56.41769,7.515192,5.743567,22.48056,7.842985
"9109","5am",60.65733,4.464048,5.551777,24.56092,4.765918
"9110","5am",56.34904,6.781857,7.768674,18.8127,10.287723
"9111","5am",60.25781,8.445252,5.626151,18.45665,7.214139
"9112","5am",60.14327,5.545068,6.088787,23.09954,5.123332
"9113","5am",59.42043,8.147651,4.792856,22.96687,4.672185
"9114","5am",53.92415,9.618629,4.46215,24.37566,7.619409
"9201","5am",57.5673,7.45549,8.352114,18.22807,8.397022
"9202","5am",58.80449,7.347043,8.106898,19.10408,6.637486
"9203","5am",58.39981,5.826521,7.07943,19.8618,8.832438
"9204","5am",59.71858,7.758579,8.05684,16.36072,8.105278
"9205","5am",64.85579,7.716859,6.358498,15.64608,5.422767
"9206","5am",62.73874,5.855692,5.366497,18.73816,7.30091
"9207","5am",58.75204,8.034038,4.545051,21.72915,6.939722
"9208","5am",58.42098,8.195485,5.798925,20.46118,7.123427
"9209","5am",63.46134,7.725358,5.852967,18.74976,4.210575
"9210","5am",58.2272,7.215463,4.947924,22.64295,6.966463
"9211","5am",59.14534,6.615535,6.627985,21.50078,6.110354
"9212","5am",58.5209,8.216105,3.821161,22.70222,6.739611
"9302","5am",56.91873,6.326591,4.809749,24.68074,7.264186
"9303","5am",52.42156,7.523467,9.830951,17.78661,12.437417
"9304","5am",56.42596,6.604124,10.978173,17.72347,8.268276
"9305","5am",51.39685,8.580169,10.042493,18.46947,11.511019
"9306","5am",58.30455,6.573248,6.514146,23.23637,5.371682
"9307","5am",47.92727,6.848747,7.878001,18.30717,19.038811
"9308","5am",52.60169,6.99807,9.148116,19.67126,11.580863
"9309","5am",55.15784,7.158522,9.450971,15.80263,12.43004
"9310","5am",53.27311,7.201048,9.254043,18.02003,12.251768
"9311","5am",48.54437,10.128444,11.103501,17.21146,13.012227
"9312","5am",51.13738,7.691971,12.242839,14.64653,14.281285
"9402","5am",52.96209,9.41519,8.771589,19.2849,9.566232
"9403","5am",56.33328,11.261357,7.39871,17.72548,7.28117
"9404","5am",56.41949,7.759244,7.703958,18.5646,9.552699
"9405","5am",61.97401,6.232066,5.462741,20.464,5.867176
"9406","5am",55.75087,10.10503,8.362334,18.19193,7.58983
"9407","5am",59.12594,6.723673,6.516999,20.93608,6.697308
"9408","5am",56.12958,7.023939,6.385413,24.76388,5.697192
"9409","5am",61.52591,6.602445,5.889805,20.6158,5.366039
"9410","5am",60.08947,8.881107,4.979066,19.59695,6.45341
"9411","5am",56.66349,5.930447,7.654296,19.4029,10.348868
"9412","5am",62.57905,8.622654,7.093519,15.35571,6.349067
"9413","5am",55.04361,7.499634,8.612851,19.00009,9.843813
"9414","5am",58.55885,7.958348,3.8929,21.00535,8.58455
"9501","5am",60.36673,13.19522,7.332497,12.41031,6.69524
"9502","5am",59.18669,8.098687,6.940991,17.02039,8.753238
"9503","5am",61.95706,3.882682,7.860021,21.0863,5.213938
"9504","5am",62.48956,6.105632,3.286813,21.62937,6.488626
"9505","5am",58.16823,7.780783,2.875218,20.41444,10.761327
"9506","5am",53.69662,7.198756,12.772468,15.81563,10.516523
"9507","5am",46.89216,9.199686,12.069925,15.77829,16.059937
"9508","5am",55.05141,7.012479,8.968856,17.40351,11.563747
"9509","5am",61.52037,6.776454,5.895362,18.84986,6.957953
"9510","5am",60.22685,5.104182,5.886291,20.29619,8.48648
"9511","5am",59.05729,4.627104,5.552638,24.79247,5.970497
"9512","5am",57.73164,7.513418,5.865126,20.35528,8.534534
"9513","5am",60.32189,4.126087,4.376351,21.98931,9.186358
"7501","6am",63.74103,9.88238,7.322719,17.40509,1.648776
"7502","6am",53.21833,13.946979,4.68645,21.68471,6.463534
"7503","6am",61.18218,10.052258,5.912767,15.7718,7.080995
"7504","6am",61.85712,8.236442,10.908444,12.94098,6.057007
"7505","6am",59.24006,9.281555,8.539708,15.31069,7.627982
"7506","6am",60.56848,8.251343,6.375879,19.98438,4.819921
"7507","6am",56.17536,13.35166,6.809379,18.11288,5.550719
"7508","6am",55.99136,11.504348,5.49368,21.40912,5.601494
"7509","6am",56.39788,10.986363,4.053832,20.81179,7.750135
"7510","6am",50.48438,9.510018,4.689528,23.3519,11.964173
"7511","6am",57.63852,9.351966,6.734343,18.5293,7.745867
"7512","6am",58.56767,8.319738,8.246785,16.39018,8.475626
"7513","6am",53.22378,9.639068,9.782241,18.08228,9.27263
"7514","6am",54.621,7.763354,9.736649,19.38418,8.494813
"7701","6am",64.07121,10.498471,6.127645,13.09277,6.209909
"7702","6am",61.82097,6.323932,6.852566,16.18501,8.817521
"7703","6am",65.50924,6.20541,5.431208,17.38705,5.467093
"7704","6am",53.26028,6.132203,5.818173,21.82619,12.963152
"7705","6am",61.9441,7.871971,7.009507,19.41328,3.761141
"7706","6am",53.91903,4.517501,7.796772,26.25599,7.510708
"7707","6am",52.9446,3.217569,7.257007,25.3997,11.181124
"7708","6am",59.09014,6.71405,5.693672,22.81952,5.682611
"7709","6am",63.64386,5.838213,3.576985,21.96541,4.975527
"7710","6am",61.10667,4.70239,6.799291,20.34477,7.046883
"7711","6am",58.79188,8.949244,5.808017,19.54789,6.902963
"7712","6am",52.32123,6.458315,6.9056,23.74599,10.568861
"7713","6am",44.82228,5.402227,7.512559,29.18154,13.081399
"7714","6am",52.56456,9.508346,4.744961,26.20427,6.977862
"7715","6am",53.74454,2.910918,6.11868,27.28651,9.939352
"7716","6am",66.62227,7.78462,6.128735,13.1647,6.29968
"7801","6am",63.85689,7.800105,3.331532,20.81311,4.198364
"7802","6am",50.45112,9.041259,5.239689,23.83034,11.437582
"7803","6am",57.91816,9.388385,5.309879,20.48194,6.901645
"7804","6am",52.75067,5.556702,6.542496,27.03157,8.118562
"7805","6am",57.66159,6.113928,6.345524,18.47808,11.400877
"7806","6am",54.96851,6.633845,5.963578,23.34835,9.085713
"7807","6am",41.53323,9.33987,10.608129,26.66982,11.848955
"7808","6am",61.16301,6.590546,5.519853,17.20801,9.518578
"7809","6am",62.30611,5.806055,5.641144,20.04613,6.200555
"7810","6am",51.19898,5.496499,5.666942,25.79049,11.847084
"7811","6am",58.59085,3.987912,3.323885,27.09194,7.005417
"7812","6am",54.81575,9.27474,4.340665,23.82364,7.745207
"7813","6am",56.68708,7.362685,6.459912,19.19751,10.292807
"7814","6am",58.64717,5.754168,4.083742,24.17888,7.336046
"7815","6am",55.45504,4.208653,3.881676,23.81352,12.641103
"7816","6am",67.79219,7.78074,4.944187,13.07076,6.412121
"9101","6am",59.67575,9.393608,8.700792,13.75049,8.479363
"9102","6am",60.48835,4.346088,4.229707,23.91184,7.024025
"9103","6am",59.97723,2.920351,5.80635,24.78987,6.506198
"9104","6am",60.16546,4.092796,3.517336,23.89078,8.333636
"9105","6am",62.31433,7.257572,5.597641,18.07466,6.755798
"9106","6am",55.32937,7.712069,6.850505,21.5144,8.593654
"9107","6am",56.65335,6.387611,5.772044,24.78213,6.40487
"9108","6am",55.52161,7.669709,5.861659,22.94278,8.004243
"9109","6am",59.9645,4.542661,5.649545,24.99345,4.849847
"9110","6am",55.00253,6.991059,8.008317,19.39303,10.605071
"9111","6am",61.0851,8.269452,5.509034,18.07245,7.063966
"9112","6am",60.07319,5.334233,6.138638,23.28867,5.165278
"9113","6am",58.90969,8.250199,4.853179,23.25594,4.73099
"9114","6am",53.92415,9.618629,4.46215,24.37566,7.619409
"9201","6am",57.48744,7.469522,8.367834,18.26238,8.412826
"9202","6am",58.40633,7.418053,8.185253,19.28873,6.701638
"9203","6am",57.84918,6.106826,7.132926,20.01188,8.89918
"9204","6am",59.49115,7.802385,8.102329,16.45309,8.15104
"9205","6am",64.76024,7.73784,6.375786,15.68862,5.43751
"9206","6am",63.05996,5.805211,5.320233,18.57662,7.23797
"9207","6am",58.60655,8.062375,4.561082,21.8058,6.9642
"9208","6am",58.46036,8.187724,5.793433,20.4418,7.116681
"9209","6am",63.39774,7.738804,5.863155,18.7824,4.217904
"9210","6am",58.17608,7.224293,4.953979,22.67066,6.974989
"9211","6am",58.95022,6.647131,6.659641,21.60347,6.139537
"9212","6am",58.29973,8.259915,3.841536,22.82327,6.775547
"9302","6am",54.89744,6.623422,5.035413,25.83872,7.605007
"9303","6am",52.24295,7.551709,9.867855,17.85338,12.484106
"9304","6am",55.92534,6.679998,11.1043,17.92709,8.363269
"9305","6am",49.666,8.885726,10.400126,19.1272,11.92095
"9306","6am",57.82076,6.649518,6.58973,23.50598,5.43401
"9307","6am",46.33141,7.058639,8.119436,18.86822,19.622288
"9308","6am",51.56995,7.150399,9.347246,20.09945,11.832947
"9309","6am",54.85949,7.20615,9.51385,15.90777,12.512739
"9310","6am",52.05812,7.38829,9.494667,18.48859,12.570339
"9311","6am",46.30886,10.568478,11.585897,17.95921,13.577548
"9312","6am",49.70349,7.917695,12.602109,15.07634,14.700373
"9402","6am",52.28116,9.487663,9.058174,19.29423,9.878779
"9403","6am",56.11431,11.317828,7.435812,17.81437,7.317682
"9404","6am",56.91393,7.330277,7.689879,18.53068,9.535241
"9405","6am",62.66845,6.118255,5.362979,20.09029,5.760029
"9406","6am",54.10978,10.479803,8.672474,18.86663,7.87132
"9407","6am",58.92255,6.757129,6.549428,21.04026,6.730633
"9408","6am",55.29237,7.157981,6.507269,25.23646,5.805915
"9409","6am",61.50086,6.606745,5.893641,20.62922,5.369534
"9410","6am",59.68699,8.970669,5.029278,19.79457,6.51849
"9411","6am",56.23149,5.989565,7.730598,19.59632,10.45203
"9412","6am",62.28728,8.457759,7.206004,15.59921,6.449748
"9413","6am",54.44615,7.599303,8.727315,19.2526,9.974636
"9414","6am",58.26594,7.818833,3.943176,21.27663,8.695417
"9501","6am",58.75128,13.850196,7.344623,13.02633,7.027575
"9502","6am",59.007,8.134344,6.971551,17.09533,8.791777
"9503","6am",60.72789,4.039646,8.177776,21.62997,5.424721
"9504","6am",61.39453,6.283871,3.382763,22.26079,6.678045
"9505","6am",58.96154,7.555383,3.210435,19.82306,10.449585
"9506","6am",52.90973,7.321095,12.989528,16.08441,10.695244
"9507","6am",46.38822,9.286982,12.184457,15.92801,16.21233
"9508","6am",53.3571,7.27681,9.306931,18.05953,11.999635
"9509","6am",60.68018,6.924416,6.024086,19.26144,7.109878
"9510","6am",60.37796,5.08479,5.863928,20.21908,8.454238
"9511","6am",58.97599,4.636293,5.563664,24.8417,5.982353
"9512","6am",56.57516,7.718988,6.025599,20.91221,8.768042
"9513","6am",60.35959,4.122167,4.372193,21.96842,9.177629
"7501","7am",64.59366,9.649998,7.150527,16.99581,1.610005
"7502","7am",54.08908,13.554142,4.55445,21.07392,6.728408
"7503","7am",64.96355,9.073036,5.336786,14.23542,6.391213
"7504","7am",64.23463,7.879705,10.435978,12.38048,5.069202
"7505","7am",58.6565,9.476087,8.718691,15.36087,7.787857
"7506","7am",63.29796,7.680179,5.934536,18.60104,4.486283
"7507","7am",57.15995,13.180927,6.627518,17.62913,5.402474
"7508","7am",57.39811,11.252263,5.373302,20.49757,5.478754
"7509","7am",56.06023,11.07144,4.085224,20.97296,7.810151
"7510","7am",50.38739,9.492279,4.680781,23.4977,11.941857
"7511","7am",57.41111,9.40217,6.770494,18.62877,7.787449
"7512","7am",58.47689,8.014332,8.311529,16.65508,8.542167
"7513","7am",51.02955,10.257122,10.409475,19.24171,9.062145
"7514","7am",54.19328,7.836527,9.828421,19.56689,8.57488
"7701","7am",64.9425,9.948062,6.206263,12.61359,6.289584
"7702","7am",61.23401,6.648838,6.908938,16.31815,8.890058
"7703","7am",64.39916,4.987084,5.838279,18.89863,5.876855
"7704","7am",51.12678,5.94372,5.482989,23.49325,13.953265
"7705","7am",60.72958,7.049806,7.482481,20.72321,4.014929
"7706","7am",51.63685,3.510844,8.413716,28.33357,8.105016
"7707","7am",50.55122,2.75022,7.823783,27.38343,11.491344
"7708","7am",54.76698,7.423559,6.295353,25.23098,6.283123
"7709","7am",61.14622,5.625185,3.894701,23.91643,5.417465
"7710","7am",58.52196,4.978656,7.198749,21.83974,7.460888
"7711","7am",58.06984,8.748422,5.974173,20.10712,7.100444
"7712","7am",50.0305,6.316481,7.296503,25.18938,11.16713
"7713","7am",41.32427,5.279283,8.137149,31.09032,14.168979
"7714","7am",51.15236,9.639356,4.712855,27.24139,7.254035
"7715","7am",51.24493,2.092074,6.620292,29.28853,10.754184
"7716","7am",64.55734,7.885672,6.59902,14.17488,6.783082
"7801","7am",62.18198,8.16157,3.485919,21.77762,4.392921
"7802","7am",47.76931,9.530614,5.523286,25.12015,12.056637
"7803","7am",57.6053,8.499402,5.634185,20.93795,7.32317
"7804","7am",50.3478,5.921928,6.269834,28.80827,8.652172
"7805","7am",56.30872,6.498156,6.515203,18.97218,11.705736
"7806","7am",54.34247,5.563087,5.948821,24.58046,9.565171
"7807","7am",37.93743,7.818971,11.712993,29.44755,13.083054
"7808","7am",58.57634,5.640038,6.386575,18.9274,10.469653
"7809","7am",59.7032,5.881882,6.0882,21.63477,6.691944
"7810","7am",48.45751,5.389997,6.269907,26.77496,13.107619
"7811","7am",57.74069,3.782268,3.417665,27.85631,7.203068
"7812","7am",53.2706,9.591905,4.489101,24.63833,8.010068
"7813","7am",55.96248,6.540052,6.737936,20.02374,10.735791
"7814","7am",57.09875,5.666325,4.271447,25.29023,7.67324
"7815","7am",53.38193,3.888564,4.18481,25.67321,12.871487
"7816","7am",67.66004,7.311089,5.065994,13.39278,6.570092
"9101","7am",59.87416,8.804579,8.679817,14.00508,8.636362
"9102","7am",57.64847,5.246367,5.760676,24.22769,7.116805
"9103","7am",56.83002,3.171324,6.305343,26.92029,6.773025
"9104","7am",58.0657,4.308535,3.702742,25.1501,8.772918
"9105","7am",61.53244,7.408148,5.713778,18.44967,6.895965
"9106","7am",51.38854,7.871973,7.551323,23.71536,9.472799
"9107","7am",53.81152,6.505851,6.197397,26.60837,6.876858
"9108","7am",53.63019,7.576574,6.177692,24.17975,8.435794
"9109","7am",58.83886,4.688358,5.830743,25.63664,5.005396
"9110","7am",53.26743,6.901112,8.081626,20.52548,11.224353
"9111","7am",63.00895,7.320094,4.436533,18.10061,7.133819
"9112","7am",57.51625,5.161444,6.623042,25.12639,5.572874
"9113","7am",57.6087,8.360408,5.029155,24.0992,4.902535
"9114","7am",51.00354,10.228326,4.744993,25.92076,8.102381
"9201","7am",57.44281,7.180379,8.375343,18.27877,8.722707
"9202","7am",58.33459,7.271029,8.237648,19.4122,6.744536
"9203","7am",58.78691,5.619416,6.879007,19.81977,8.894894
"9204","7am",61.46875,7.369181,7.652472,15.53959,7.970007
"9205","7am",65.26154,7.627766,6.285088,15.46544,5.36016
"9206","7am",62.58184,5.921944,5.427215,18.95017,7.118836
"9207","7am",57.68706,8.107747,4.680698,22.37766,7.146838
"9208","7am",58.94064,8.093058,5.72645,20.20546,7.034399
"9209","7am",62.09843,8.013518,6.071286,19.44914,4.367632
"9210","7am",57.05355,7.546031,5.068637,23.19536,7.136423
"9211","7am",58.23021,6.763722,6.776451,21.9824,6.247225
"9212","7am",58.22212,8.379742,3.369935,23.15437,6.87384
"9302","7am",52.65273,8.32564,5.147002,26.10109,7.773541
"9303","7am",52.04489,7.283,9.982418,18.06065,12.629042
"9304","7am",54.36978,6.974745,11.205077,18.71811,8.732289
"9305","7am",47.85607,9.360808,10.074954,20.14985,12.558313
"9306","7am",55.78798,6.969983,6.907314,24.63882,5.695895
"9307","7am",43.53819,7.148333,8.726519,19.49753,21.089429
"9308","7am",48.22947,7.462465,10.032993,21.57402,12.701054
"9309","7am",52.42648,7.266356,9.942145,17.28898,13.076039
"9310","7am",49.07743,7.323161,10.254583,20.1267,13.218124
"9311","7am",43.73417,10.898336,12.189023,18.89412,14.284354
"9312","7am",49.27719,8.014763,12.802432,15.31599,14.589626
"9402","7am",52.38,8.905861,9.172601,19.53796,10.003573
"9403","7am",56.92749,11.027187,7.316507,17.52855,7.200272
"9404","7am",56.65027,6.955112,7.827268,18.86175,9.705601
"9405","7am",62.62619,5.937723,5.442766,20.1476,5.845723
"9406","7am",53.61743,10.803784,8.713708,18.95633,7.908745
"9407","7am",58.87742,7.007218,5.714867,21.42076,6.979742
"9408","7am",54.34323,7.518132,6.834681,25.20592,6.098038
"9409","7am",61.41725,5.774236,6.062936,21.2218,5.523774
"9410","7am",57.436,9.04162,5.379094,21.1714,6.971889
"9411","7am",54.55684,5.751456,8.121999,20.58848,10.981218
"9412","7am",62.82928,7.559158,7.470586,15.45442,6.686562
"9413","7am",51.70453,7.774341,9.317479,20.55451,10.649147
"9414","7am",56.53744,6.934958,4.289533,22.77888,9.459196
"9501","7am",57.44629,13.607718,7.759447,13.76205,7.424491
"9502","7am",56.83328,8.395215,7.332958,18.191,9.247544
"9503","7am",58.6046,3.925918,8.773904,22.87542,5.820162
"9504","7am",60.28331,6.567402,3.535395,22.63453,6.979361
"9505","7am",58.20584,7.791212,3.310643,19.91656,10.775751
"9506","7am",52.74408,7.06442,13.072098,16.35617,10.763231
"9507","7am",41.91416,10.062007,13.201285,17.25725,17.565296
"9508","7am",50.95151,7.946519,9.717328,18.85588,12.528769
"9509","7am",56.82089,7.074241,6.754085,21.37933,7.971453
"9510","7am",57.24911,5.276809,6.362558,21.93839,9.173132
"9511","7am",56.82191,4.47343,5.917923,26.42346,6.363271
"9512","7am",54.98294,8.002014,6.246535,21.67898,9.089533
"9513","7am",58.53467,3.809041,4.63538,23.29083,9.730084
"7501","8am",69.18152,8.119513,6.402295,14.88648,1.410189
"7502","8am",54.44623,15.596119,4.769339,19.2606,5.927718
"7503","8am",68.40575,9.721759,4.45567,12.22547,5.191351
"7504","8am",63.90585,8.202608,10.280689,12.61709,4.993771
"7505","8am",56.63207,10.140227,9.090857,16.01656,8.120289
"7506","8am",63.16635,6.893906,6.068874,19.28303,4.587838
"7507","8am",56.37597,13.767795,6.651401,17.78289,5.421942
"7508","8am",56.69952,10.978495,5.560234,21.0924,5.669354
"7509","8am",55.42448,11.756208,4.043984,20.86347,7.911865
"7510","8am",51.40501,8.797071,4.720368,24.0428,11.034745
"7511","8am",58.38943,7.511888,6.851899,18.5944,8.652375
"7512","8am",57.49714,7.179057,8.678904,17.72516,8.919736
"7513","8am",52.17142,9.062581,10.377705,18.55122,9.837073
"7514","8am",50.83745,8.298676,10.57744,21.05807,9.228367
"7701","8am",63.29328,10.555389,6.463787,13.13698,6.550565
"7702","8am",58.16144,7.849495,7.401905,17.06277,9.524382
"7703","8am",63.82241,3.02772,6.634957,20.22546,6.289457
"7704","8am",50.15798,5.47304,5.053634,24.66572,14.649626
"7705","8am",56.96019,7.415358,9.417466,21.74902,4.45797
"7706","8am",46.89188,3.387339,9.02507,30.03869,10.657014
"7707","8am",48.16017,3.54059,8.071792,30.06209,10.165352
"7708","8am",49.6263,6.91041,6.815969,29.34076,7.306557
"7709","8am",60.48835,4.338677,4.1226,25.3159,5.734469
"7710","8am",56.12917,4.347699,7.795122,23.64903,8.078976
"7711","8am",55.98744,6.558984,6.743291,22.69572,8.014558
"7712","8am",47.91018,6.117678,7.68414,26.5276,11.760398
"7713","8am",39.14762,4.583798,7.863722,33.42239,14.982473
"7714","8am",48.72567,6.348067,5.245819,31.95177,7.72867
"7715","8am",48.55475,1.680576,6.634507,31.48467,11.645495
"7716","8am",62.75815,4.958298,7.645084,16.78014,7.858323
"7801","8am",58.30553,5.363621,4.199037,26.84023,5.291586
"7802","8am",45.80035,8.066992,6.327075,28.77583,11.029759
"7803","8am",54.89909,7.474797,6.305194,23.12559,8.19533
"7804","8am",45.55147,5.886448,6.294788,32.50489,9.762401
"7805","8am",54.64863,5.77905,6.038127,20.73859,12.795601
"7806","8am",53.46937,3.842805,5.90946,26.47569,10.302678
"7807","8am",36.18316,5.988181,12.187944,32.02715,13.61356
"7808","8am",56.71549,4.11004,7.607522,19.8744,11.692543
"7809","8am",59.99438,3.563151,6.541627,22.7105,7.190336
"7810","8am",44.093,2.477974,7.433595,30.45506,15.540378
"7811","8am",53.43851,2.391495,4.071757,32.1427,7.955532
"7812","8am",55.67751,9.63049,4.21182,22.87439,7.60579
"7813","8am",49.23005,7.302969,7.853326,23.10068,12.512982
"7814","8am",51.50745,4.204837,5.201998,30.18959,8.896122
"7815","8am",47.21099,2.688867,4.90667,30.10171,15.091756
"7816","8am",69.1414,5.799587,5.074987,13.23862,6.745401
"9101","8am",59.44272,9.854727,8.602651,13.21894,8.880966
"9102","8am",55.8519,4.11425,4.577881,27.40564,8.05032
"9103","8am",51.06745,2.671308,7.239663,30.90931,8.11227
"9104","8am",48.92495,4.673673,4.623513,30.82336,10.954504
"9105","8am",58.2841,5.155898,6.813736,21.52277,8.223505
"9106","8am",53.62187,6.355404,7.418468,23.29812,9.306138
"9107","8am",48.72454,4.742836,7.320125,31.08982,8.122677
"9108","8am",48.76032,6.513565,7.24517,27.58749,9.893462
"9109","8am",57.3242,4.678417,6.055326,26.74387,5.198189
"9110","8am",49.85078,4.893277,9.182229,23.32076,12.752952
"9111","8am",62.18003,6.139433,4.737014,19.32654,7.616983
"9112","8am",55.55513,2.525551,7.438807,28.22123,6.259289
"9113","8am",58.96696,6.371355,4.516373,25.04946,5.095849
"9114","8am",47.19293,10.981766,5.119172,27.96481,8.741316
"9201","8am",55.39095,6.938269,8.333374,20.45073,8.88668
"9202","8am",55.93064,6.823246,8.463893,21.29828,7.483938
"9203","8am",58.43327,5.74084,6.94804,19.89369,8.984157
"9204","8am",62.16341,5.490458,7.896863,16.37006,8.07921
"9205","8am",68.08981,5.789365,6.055606,14.90077,5.164448
"9206","8am",64.04708,6.045232,5.698808,18.10395,6.104929
"9207","8am",53.89216,7.344132,5.15696,25.89392,7.712834
"9208","8am",57.73645,6.938138,6.136241,21.65138,7.537789
"9209","8am",62.36513,6.616238,6.416927,20.55639,4.045316
"9210","8am",56.34354,6.524479,5.509877,24.12049,7.501617
"9211","8am",57.87558,6.179081,7.647855,22.75545,5.542041
"9212","8am",56.13621,6.9311,3.681095,25.74307,7.50853
"9302","8am",52.6879,5.231886,5.182284,28.43061,8.467328
"9303","8am",53.99058,5.992096,10.045445,17.63822,12.333656
"9304","8am",54.53598,6.274587,11.321095,19.02525,8.843096
"9305","8am",41.98207,7.19396,13.609408,21.67846,15.536109
"9306","8am",49.11181,8.654199,8.085648,27.68467,6.463676
"9307","8am",39.52122,6.334817,9.058619,21.1348,23.950542
"9308","8am",47.19843,6.851361,10.276319,22.45449,13.219402
"9309","8am",51.56978,5.549655,10.307192,18.70684,13.866535
"9310","8am",48.33347,6.249065,10.494506,20.95002,13.972929
"9311","8am",41.14683,11.314076,12.941128,19.5808,15.017165
"9312","8am",51.60414,8.175668,11.876218,14.3193,14.024678
"9402","8am",54.28393,7.608655,8.763921,19.71136,9.632141
"9403","8am",58.98984,9.857175,6.878985,16.87357,7.400424
"9404","8am",55.59595,5.01993,8.262572,20.87618,10.245366
"9405","8am",60.68861,6.736063,5.416688,20.99674,6.1619
"9406","8am",55.92855,9.436362,8.170871,18.31231,8.151903
"9407","8am",57.33364,5.643281,6.275553,24.28482,6.462705
"9408","8am",50.73166,10.186127,6.279663,26.41259,6.389965
"9409","8am",60.32677,6.052577,7.181024,21.67531,4.764312
"9410","8am",54.06787,6.30661,6.35842,25.0259,8.241202
"9411","8am",54.74865,4.587876,6.820737,22.07087,11.771871
"9412","8am",56.30504,7.446221,9.192878,18.82776,8.228103
"9413","8am",47.09058,9.994159,9.85248,21.20205,11.860725
"9414","8am",52.62367,5.124348,5.921396,25.60938,10.72121
"9501","8am",57.73078,10.1817,8.096311,15.58387,8.407343
"9502","8am",55.43,7.696681,7.709803,19.44074,9.722781
"9503","8am",51.6337,2.853025,9.625786,26.54728,9.340207
"9504","8am",55.83151,4.851977,4.154147,26.96151,8.200863
"9505","8am",57.0243,6.145897,3.585875,21.57233,11.6716
"9506","8am",49.81786,4.862197,14.959717,18.04278,12.317448
"9507","8am",37.04117,9.997463,14.558567,19.03154,19.37126
"9508","8am",49.29032,6.531814,10.44453,20.26697,13.466367
"9509","8am",51.43668,5.021612,8.215639,25.62963,9.69644
"9510","8am",50.70635,5.185254,7.848987,25.56844,10.690971
"9511","8am",53.98243,3.897644,5.855619,29.04882,7.215482
"9512","8am",49.32692,6.403231,7.526498,25.7913,10.952049
"9513","8am",49.5072,3.149313,6.237873,31.34267,9.762944
"7501","9am",75.15446,7.017508,5.30165,11.15678,1.369604
"7502","9am",55.89258,19.644326,4.217233,15.589636,4.656224
"7503","9am",79.01533,7.150174,3.18616,7.548896,3.09944
"7504","9am",65.88189,7.589505,10.335702,11.120351,5.072552
"7505","9am",55.59819,11.863538,9.326984,15.021529,8.189762
"7506","9am",62.58697,7.298415,6.049811,18.656207,5.408602
"7507","9am",54.87849,16.797659,6.142266,17.067816,5.113765
"7508","9am",54.33052,12.113722,5.369919,22.36712,5.818716
"7509","9am",53.74412,13.171908,4.204708,21.120172,7.759087
"7510","9am",52.15787,8.94308,4.425241,22.241268,12.232543
"7511","9am",57.56413,7.501441,6.63664,20.051389,8.246404
"7512","9am",54.0334,8.310952,7.922821,19.035125,10.697705
"7513","9am",49.73812,8.659414,11.199113,19.585279,10.818078
"7514","9am",47.09257,9.001377,11.776642,22.110725,10.018685
"7701","9am",66.27021,8.460124,6.400571,12.878251,5.990846
"7702","9am",56.0851,10.498008,7.824282,16.556511,9.036101
"7703","9am",63.05501,3.016483,6.892745,20.944901,6.09086
"7704","9am",49.37804,7.958886,5.587208,24.403878,12.671989
"7705","9am",56.27967,7.656387,9.773609,19.863771,6.426561
"7706","9am",46.46654,3.53341,9.638443,31.0768,9.284808
"7707","9am",48.63065,4.331169,8.02773,27.587752,11.422697
"7708","9am",47.81098,5.294733,5.086638,33.312102,8.495546
"7709","9am",63.02802,2.77056,4.123823,24.341424,5.736169
"7710","9am",49.26973,5.285384,8.546705,27.40561,9.492569
"7711","9am",52.98218,6.880856,7.181204,24.420736,8.535027
"7712","9am",48.36003,6.064845,7.617779,26.298507,11.658834
"7713","9am",36.51855,6.716877,7.507003,34.279548,14.978027
"7714","9am",42.48499,13.292534,4.910041,30.885328,8.42711
"7715","9am",48.47756,1.021219,6.751601,31.898588,11.851029
"7716","9am",65.72348,5.970516,6.760704,14.596022,6.949276
"7801","9am",50.6393,6.804868,3.362553,32.033446,7.159828
"7802","9am",42.59262,7.957404,9.185508,28.736695,11.527777
"7803","9am",48.19799,9.698233,5.689263,26.514273,9.900237
"7804","9am",40.23254,5.91927,4.861718,36.588224,12.398248
"7805","9am",52.86443,7.457845,7.600984,20.689375,11.38737
"7806","9am",52.76878,3.758304,5.9664,27.559468,9.947049
"7807","9am",35.77551,8.761898,12.02038,29.733685,13.708531
"7808","9am",54.64111,5.14914,7.944796,21.32647,10.938479
"7809","9am",58.36692,3.794808,6.912721,24.407071,6.518483
"7810","9am",39.30064,3.649963,8.014389,32.280442,16.754563
"7811","9am",46.20017,4.07677,3.46637,37.194558,9.062132
"7812","9am",57.04447,9.586188,4.467917,21.8024,7.099021
"7813","9am",50.95193,4.233666,8.469394,23.810199,12.534811
"7814","9am",48.751,3.621982,5.81747,31.860889,9.948663
"7815","9am",41.09281,6.358835,5.217539,31.282901,16.047916
"7816","9am",70.31298,7.578872,3.923445,12.596304,5.588398
"9101","9am",63.60344,10.246995,7.536739,11.336239,7.276586
"9102","9am",52.77462,4.501511,5.184738,28.929143,8.609988
"9103","9am",51.55981,2.608494,6.385285,31.323171,8.123244
"9104","9am",42.63908,4.465852,3.962831,36.136957,12.795281
"9105","9am",61.14758,3.799317,5.919279,20.885417,8.24841
"9106","9am",50.11337,7.444163,8.096925,24.983451,9.362094
"9107","9am",43.58983,2.632856,8.748079,35.793159,9.236075
"9108","9am",47.33542,5.111517,7.565778,29.656027,10.33126
"9109","9am",51.96144,6.756082,6.457698,29.359386,5.465392
"9110","9am",52.0029,2.615685,9.178899,23.454184,12.748327
"9111","9am",67.84485,5.49297,4.797973,15.139759,6.724446
"9112","9am",54.51428,2.867506,7.685898,28.957064,5.975247
"9113","9am",61.26413,9.027193,3.556402,22.086331,4.065941
"9114","9am",45.30633,12.273049,6.661848,27.371756,8.387021
"9201","9am",53.62898,6.34199,7.583048,22.66317,9.78281
"9202","9am",51.88265,8.092736,9.418521,23.493508,7.112584
"9203","9am",59.67092,6.741281,6.495915,18.514422,8.577466
"9204","9am",67.44326,7.481652,6.658946,11.802688,6.613453
"9205","9am",74.89872,5.57089,4.78722,10.781306,3.961864
"9206","9am",65.77848,4.134841,5.506741,18.309077,6.270864
"9207","9am",50.74008,5.916986,5.857202,29.216162,8.269569
"9208","9am",56.19479,7.363631,6.034263,22.360642,8.046677
"9209","9am",63.21391,6.001739,6.054915,20.640144,4.089293
"9210","9am",51.37603,8.172823,6.052146,26.669346,7.729657
"9211","9am",57.92736,5.44785,8.492268,22.431953,5.70057
"9212","9am",54.73612,6.10561,3.948305,27.179941,8.030019
"9302","9am",49.73101,2.801984,5.588431,31.761216,10.117359
"9303","9am",52.32567,7.058883,8.635694,19.095487,12.884269
"9304","9am",60.23321,6.55674,10.656856,15.889928,6.663268
"9305","9am",42.35448,3.978334,14.386032,23.811307,15.469847
"9306","9am",48.48999,7.272461,7.538393,29.245324,7.453833
"9307","9am",37.09157,5.952099,9.692468,22.689236,24.574628
"9308","9am",46.58125,6.811508,10.832656,21.905673,13.868916
"9309","9am",56.66274,4.848663,10.479152,15.775941,12.233504
"9310","9am",49.14915,6.164138,10.770261,20.215761,13.700693
"9311","9am",40.26911,11.438103,12.555073,20.146275,15.591437
"9312","9am",55.62004,7.863314,10.679255,13.060368,12.777022
"9402","9am",52.90654,9.928231,8.30829,19.064534,9.792409
"9403","9am",62.08331,8.323404,6.495026,16.019441,7.078815
"9404","9am",52.63924,6.117986,8.281126,21.549283,11.412361
"9405","9am",65.11392,4.746991,4.575077,19.83432,5.729695
"9406","9am",55.33199,11.57941,8.836748,16.991051,7.260798
"9407","9am",56.35207,4.354338,6.067084,27.274241,5.952269
"9408","9am",46.20855,13.030516,5.688714,28.180003,6.89222
"9409","9am",56.14198,6.370335,6.988203,24.208826,6.290654
"9410","9am",53.84571,6.329263,6.687939,26.100173,7.036917
"9411","9am",54.55475,3.645847,8.829897,20.663465,12.306042
"9412","9am",51.17412,7.763932,10.032964,20.707225,10.321754
"9413","9am",44.00946,10.648861,9.623354,23.243997,12.474323
"9414","9am",52.86075,2.781639,6.09459,26.613264,11.649753
"9501","9am",56.84843,12.838593,8.178042,14.260061,7.874871
"9502","9am",59.40064,7.476998,6.598015,17.687879,8.836469
"9503","9am",49.50875,2.482364,9.171978,29.153953,9.682959
"9504","9am",47.03582,4.332736,5.109315,33.435635,10.086498
"9505","9am",58.28872,4.379747,3.634725,21.866211,11.830601
"9506","9am",54.28162,5.158723,12.807299,18.353886,9.398469
"9507","9am",35.91024,10.623878,13.754044,19.590712,20.121125
"9508","9am",48.59357,5.445776,10.526851,20.924311,14.509497
"9509","9am",42.90291,6.351117,7.992021,30.894818,11.85913
"9510","9am",47.72712,5.549343,8.050039,27.067465,11.606035
"9511","9am",46.73256,7.346127,7.170111,30.568991,8.182215
"9512","9am",45.29,5.247275,8.161043,28.662584,12.639098
"9513","9am",44.03542,2.432678,6.49293,35.779043,11.259932
"7501","10am",76.17341,7.54638,3.249445,9.818334,3.212431
"7502","10am",59.12568,18.829445,3.380008,15.214614,3.450252
"7503","10am",79.5392,7.807839,2.283034,7.924139,2.445788
"7504","10am",63.1791,11.308214,11.726358,9.018496,4.767831
"7505","10am",54.04919,13.80767,8.198243,15.936722,8.008179
"7506","10am",63.53865,7.903091,6.203214,17.018778,5.336272
"7507","10am",58.60887,16.508094,5.857181,14.387439,4.638417
"7508","10am",58.28545,9.761967,5.033945,20.964381,5.954254
"7509","10am",57.28427,10.626618,4.345825,20.356591,7.386699
"7510","10am",55.79302,9.387661,4.617965,20.624632,9.576723
"7511","10am",60.28935,5.508145,6.889681,19.180194,8.13263
"7512","10am",56.26332,5.662416,8.668878,18.814325,10.591063
"7513","10am",48.21671,11.988585,11.023442,19.050822,9.720443
"7514","10am",48.33438,8.433678,11.572717,21.755443,9.903777
"7701","10am",67.63319,9.671711,5.383301,11.599087,5.712707
"7702","10am",57.4277,11.111533,7.726812,15.414327,8.31963
"7703","10am",62.96223,2.302454,6.525976,22.095863,6.113473
"7704","10am",50.18022,6.482519,5.097463,24.858308,13.381494
"7705","10am",56.79835,7.768364,6.740008,22.172729,6.520552
"7706","10am",45.05087,3.475685,10.007796,32.967783,8.497863
"7707","10am",50.78591,4.435048,8.541558,26.290038,9.947443
"7708","10am",45.75489,6.154631,6.161839,33.652162,8.276478
"7709","10am",61.67645,3.834875,4.239083,24.3531,5.896495
"7710","10am",48.97321,3.660569,7.764852,30.955033,8.646338
"7711","10am",53.50012,6.542696,6.786066,25.105716,8.065398
"7712","10am",50.03884,5.748633,7.220598,25.940974,11.050959
"7713","10am",35.86108,6.789346,7.250219,34.959728,15.139626
"7714","10am",43.85834,12.454336,5.065002,30.407242,8.215078
"7715","10am",47.58896,1.057976,6.580502,32.494972,12.277592
"7716","10am",67.60326,5.532609,6.139491,13.853487,6.871148
"7801","10am",46.31664,7.236318,4.232397,34.600862,7.613784
"7802","10am",42.71409,7.698474,8.886616,28.542009,12.158814
