"district","hour","rev1","rev2","rev3","rev4"
"7501","4am",13.320713,22.38383,29.67095,34.624509
"7502","4am",16.744754,19.54871,19.69813,44.008398
"7503","4am",19.918225,17.41273,31.54483,31.124213
"7504","4am",19.303502,30.27338,30.27583,20.147292
"7505","4am",15.807789,29.98128,31.62732,22.583603
"7506","4am",15.127369,31.10398,32.61751,21.151145
"7507","4am",23.984211,30.07677,24.77201,21.167019
"7508","4am",13.329297,24.89104,31.97674,29.802922
"7509","4am",12.966531,33.39888,22.84671,30.787884
"7510","4am",17.439135,18.38062,17.66857,46.511678
"7511","4am",19.53667,23.84693,17.15247,39.46393
"7512","4am",28.748992,29.54496,21.47781,20.228235
"7513","4am",30.462045,29.21866,25.84206,14.47724
"7514","4am",25.430299,32.14031,23.11829,19.3111
"7701","4am",13.938414,46.84463,32.89471,6.322245
"7702","4am",13.616597,46.1815,22.23744,17.964463
"7703","4am",17.955693,39.9566,30.27561,11.812098
"7704","4am",34.028779,42.77934,18.62511,4.566763
"7705","4am",18.366908,44.38639,29.14944,8.097258
"7706","4am",20.638319,50.77159,22.97216,5.617932
"7707","4am",18.644952,58.10085,18.66217,4.592026
"7708","4am",21.122869,34.7039,33.69023,10.482998
"7709","4am",11.852488,47.29367,33.15443,7.699416
"7710","4am",11.240127,53.57412,22.26508,12.920673
"7711","4am",25.489486,49.30435,13.1955,12.010666
"7712","4am",33.842622,35.01274,22.62866,8.515979
"7713","4am",36.343988,33.61603,22.60292,7.437066
"7714","4am",23.482492,33.16435,33.02898,10.324173
"7715","4am",29.481055,49.03556,16.32397,5.159421
"7716","4am",20.281693,45.54404,26.95581,7.218458
"7801","4am",9.258317,34.02427,23.31766,33.399748
"7802","4am",11.75566,17.23725,30.12453,40.882565
"7803","4am",12.842156,20.66357,30.04522,36.449057
"7804","4am",16.570374,32.35813,29.16545,21.906042
"7805","4am",15.508483,34.6971,28.67255,21.121872
"7806","4am",20.47333,39.16435,27.20356,13.158753
"7807","4am",46.165139,23.58162,25.43227,4.820968
"7808","4am",26.412149,34.35141,29.19789,10.038549
"7809","4am",16.545157,32.80804,33.12934,17.517465
"7810","4am",10.110137,35.16974,31.71615,23.003977
"7811","4am",8.954051,23.93833,33.31833,33.789297
"7812","4am",9.655433,28.21447,26.95221,35.17788
"7813","4am",10.505484,27.55676,30.08112,31.856628
"7814","4am",9.966595,29.19335,35.80663,25.033428
"7815","4am",12.893492,37.86586,31.37331,17.867346
"7816","4am",14.572198,35.17442,31.55457,18.698806
"9101","4am",38.318398,31.43815,18.68113,11.56232
"9102","4am",13.686077,40.04211,26.04009,20.231721
"9103","4am",26.306058,35.99108,27.00217,10.70069
"9104","4am",17.281841,34.22859,30.96268,17.526892
"9105","4am",12.058686,41.4081,26.55241,19.980811
"9106","4am",25.600787,28.47314,30.30257,15.623506
"9107","4am",21.271963,33.22304,33.59459,11.91041
"9108","4am",18.478201,37.79655,26.3767,17.348548
"9109","4am",21.845712,35.72491,25.39563,17.033743
"9110","4am",37.010995,35.54492,17.85137,9.592714
"9111","4am",13.035166,36.05265,34.10262,16.809566
"9112","4am",12.739894,32.1887,38.91355,16.15785
"9113","4am",16.110076,34.61503,27.52604,21.748855
"9114","4am",9.256736,20.55338,38.75378,31.436102
"9201","4am",26.786866,36.47012,26.05902,10.683986
"9202","4am",26.645832,27.16868,29.65413,16.531356
"9203","4am",19.243069,24.52426,27.56853,28.664147
"9204","4am",22.65295,38.25495,24.67377,14.418336
"9205","4am",20.151449,17.82089,30.77168,31.255985
"9206","4am",15.850257,21.45225,29.71258,32.984915
"9207","4am",7.459518,19.57838,30.2592,42.702902
"9208","4am",10.384659,24.21442,29.52977,35.87115
"9209","4am",13.265963,34.84541,29.89581,21.992815
"9210","4am",11.499297,25.62862,30.47189,32.400189
"9211","4am",27.16271,41.03432,17.81957,13.983404
"9212","4am",17.505652,34.19344,25.94636,22.35454
"9302","4am",23.389988,40.6128,29.63691,6.360304
"9303","4am",41.612681,36.70796,17.98129,3.698065
"9304","4am",36.421062,40.27429,20.01962,3.285023
"9305","4am",43.523016,27.20509,18.39672,10.875166
"9306","4am",18.108434,42.28012,27.7173,11.894138
"9307","4am",35.002979,34.43737,19.97427,10.585383
"9308","4am",32.192729,42.42111,21.56303,3.823121
"9309","4am",42.126416,29.97506,19.04048,8.858044
"9310","4am",36.104897,42.49319,17.32086,4.081052
"9311","4am",48.213083,37.24877,10.18021,4.357936
"9312","4am",44.926079,37.86355,13.65181,3.558558
"9402","4am",31.916764,45.42331,17.74424,4.915679
"9403","4am",25.768751,37.82509,30.50461,5.901542
"9404","4am",29.297552,36.60232,25.3205,8.779625
"9405","4am",15.721474,45.44359,29.40459,9.430349
"9406","4am",30.893747,43.94976,18.19864,6.95785
"9407","4am",24.015085,29.94216,29.92747,16.115286
"9408","4am",6.380784,39.26453,36.04862,18.306061
"9409","4am",14.303929,36.37877,29.83489,19.482418
"9410","4am",15.733863,44.09978,25.34055,14.825814
"9411","4am",41.296301,38.01424,11.43483,9.254628
"9412","4am",26.49099,37.61512,17.77328,18.120613
"9413","4am",36.881252,40.097,18.44497,4.576783
"9414","4am",10.582017,36.22477,33.15959,20.033617
"9501","4am",26.492819,40.12723,26.7169,6.663049
"9502","4am",28.500401,40.16004,22.91835,8.42121
"9503","4am",19.356532,39.88631,22.7562,18.000954
"9504","4am",16.99372,32.66376,37.19555,13.146972
"9505","4am",20.231261,45.62081,26.74682,7.40111
"9506","4am",33.398402,37.34375,22.90535,6.3525
"9507","4am",37.85886,55.62205,4.54894,1.970155
"9508","4am",29.117233,43.56683,20.98163,6.334304
"9509","4am",17.159542,33.23528,25.66433,23.940845
"9510","4am",20.82865,30.78519,32.06581,16.320352
"9511","4am",10.070796,36.95479,37.76502,15.209399
"9512","4am",18.741465,37.2296,27.91658,16.112353
"9513","4am",11.848826,44.89687,28.40338,14.850924
"7501","5am",13.320713,22.38383,29.670951,34.624509
"7502","5am",16.970175,19.49578,19.644799,43.889241
"7503","5am",19.918225,17.41273,31.544829,31.124213
"7504","5am",19.303502,30.27338,30.275827,20.147292
"7505","5am",15.807789,29.98128,31.627323,22.583603
"7506","5am",15.127369,31.10398,32.617508,21.151145
"7507","5am",23.946771,30.18592,24.733336,21.133977
"7508","5am",13.386245,24.99739,31.686118,29.930251
"7509","5am",12.875398,33.86697,22.686134,30.571497
"7510","5am",17.633602,17.27982,17.865592,47.22099
"7511","5am",19.582295,23.05333,17.808286,39.556091
"7512","5am",28.813136,29.38776,21.525735,20.273368
"7513","5am",30.462045,29.21866,25.842059,14.47724
"7514","5am",25.430299,32.14031,23.118292,19.3111
"7701","5am",14.102236,47.19315,32.464965,6.239649
"7702","5am",13.616597,46.1815,22.237438,17.964463
"7703","5am",17.993644,39.8297,30.339596,11.837064
"7704","5am",33.991655,42.51077,18.935799,4.561781
"7705","5am",18.593346,44.42882,28.780748,8.197085
"7706","5am",20.341497,50.91568,23.042671,5.700155
"7707","5am",17.897426,58.37451,19.042462,4.6856
"7708","5am",21.175792,34.5403,33.774641,10.509263
"7709","5am",12.025008,46.52649,33.637014,7.811486
"7710","5am",11.22965,53.61739,22.244327,12.908631
"7711","5am",25.598428,48.51157,13.828007,12.062
"7712","5am",34.222191,34.93314,22.233179,8.611492
"7713","5am",36.504387,33.49029,22.535435,7.469888
"7714","5am",23.397511,33.71074,32.909454,9.982299
"7715","5am",29.756643,48.55914,16.476564,5.207651
"7716","5am",20.287132,45.52944,26.963035,7.220394
"7801","5am",9.31875,33.59362,23.469868,33.617763
"7802","5am",11.693798,17.14654,30.492239,40.667426
"7803","5am",12.842156,20.66357,30.045221,36.449057
"7804","5am",16.659365,32.53191,28.785037,22.023688
"7805","5am",15.508483,34.6971,28.672547,21.121872
"7806","5am",20.273135,39.75922,26.937559,13.030082
"7807","5am",46.231517,24.01022,24.849672,4.908589
"7808","5am",27.039337,34.24583,28.565918,10.148918
"7809","5am",16.466761,32.65259,33.44619,17.434462
"7810","5am",10.110137,35.16974,31.716148,23.003977
"7811","5am",8.954051,23.93833,33.318326,33.789297
"7812","5am",9.643589,28.30253,26.91915,35.134727
"7813","5am",10.505484,27.55676,30.081125,31.856628
"7814","5am",9.966595,29.19335,35.806631,25.033428
"7815","5am",12.510477,38.03236,31.511257,17.94591
"7816","5am",14.612166,35.2709,31.366846,18.750092
"9101","5am",38.194516,31.65981,18.620735,11.52494
"9102","5am",13.638316,40.25135,25.949217,20.161117
"9103","5am",25.851697,35.94003,27.364136,10.844132
"9104","5am",17.472453,33.40523,30.879921,18.242392
"9105","5am",11.604346,41.90489,26.640952,19.849812
"9106","5am",25.444354,28.29916,30.72845,15.528039
"9107","5am",21.271963,33.22304,33.594591,11.91041
"9108","5am",18.478201,37.79655,26.376703,17.348548
"9109","5am",21.695145,36.3393,25.049217,16.916341
"9110","5am",37.368597,34.72535,18.151864,9.754188
"9111","5am",12.864822,36.88831,33.656966,16.589898
"9112","5am",12.739894,32.1887,38.913552,16.15785
"9113","5am",16.082102,34.72857,27.478241,21.71109
"9114","5am",9.256736,20.55338,38.753777,31.436102
"9201","5am",26.879292,36.42408,26.026126,10.670498
"9202","5am",26.533249,27.4764,29.52884,16.461508
"9203","5am",19.28811,24.58166,27.633055,28.497177
"9204","5am",22.301366,38.42883,24.785925,14.483875
"9205","5am",20.151449,17.82089,30.771679,31.255985
"9206","5am",16.187646,21.36624,29.593446,32.852666
"9207","5am",7.459518,19.57838,30.259199,42.702902
"9208","5am",10.384659,24.21442,29.529766,35.87115
"9209","5am",13.187356,34.63894,29.718665,22.455039
"9210","5am",11.499297,25.62862,30.471893,32.400189
"9211","5am",27.16271,41.03432,17.819568,13.983404
"9212","5am",17.505652,34.19344,25.946363,22.35454
"9302","5am",23.088762,40.97571,29.586125,6.349405
"9303","5am",41.694126,36.65676,17.956211,3.692907
"9304","5am",36.558894,40.18698,19.976222,3.277901
"9305","5am",43.390619,27.12234,18.64496,10.842084
"9306","5am",17.855046,42.41095,27.803068,11.93094
"9307","5am",35.075004,34.47868,19.795071,10.651243
"9308","5am",32.542418,41.79567,21.79726,3.864649
"9309","5am",42.126062,30.05499,19.026234,8.792713
"9310","5am",36.22926,42.89693,16.753981,4.119827
"9311","5am",48.248711,37.35288,10.082363,4.316049
"9312","5am",44.73844,37.87622,13.683825,3.701519
"9402","5am",31.38592,45.82923,17.842072,4.942781
"9403","5am",25.768751,37.82509,30.504614,5.901542
"9404","5am",28.420019,37.36171,25.408229,8.810044
"9405","5am",16.274503,46.1965,28.625755,8.90324
"9406","5am",30.566229,43.90163,18.470391,7.061746
"9407","5am",23.373944,30.1948,30.179991,16.251263
"9408","5am",6.372009,39.34806,35.999047,18.280886
"9409","5am",14.318531,35.93403,30.245136,19.502307
"9410","5am",15.873896,43.60226,25.566079,14.957765
"9411","5am",41.51692,37.6831,11.495915,9.30407
"9412","5am",25.71815,38.33036,17.8018,18.149693
"9413","5am",37.930299,39.43058,18.13841,4.500716
"9414","5am",10.600589,36.11285,33.217786,20.068776
"9501","5am",25.844113,40.48136,26.95268,6.721851
"9502","5am",29.522089,39.34844,22.764711,8.364756
"9503","5am",19.276233,40.13569,22.661801,17.926279
"9504","5am",17.151493,32.56169,37.017786,13.269031
"9505","5am",20.223886,45.64063,26.737068,7.398412
"9506","5am",33.871976,37.39843,22.287018,6.442576
"9507","5am",38.485084,55.30031,4.233983,1.980621
"9508","5am",29.386629,43.96992,20.822098,5.821354
"9509","5am",17.208959,33.331,25.450254,24.009792
"9510","5am",20.82865,30.78519,32.065809,16.320352
"9511","5am",10.070796,36.95479,37.765018,15.209399
"9512","5am",18.741465,37.2296,27.916579,16.112353
"9513","5am",11.80976,45.07855,28.30973,14.801959
"7501","6am",13.561961,23.55714,29.188841,33.692058
"7502","6am",16.893958,19.67247,19.741451,43.692125
"7503","6am",20.75196,18.39148,30.632505,30.224053
"7504","6am",18.811264,29.82337,30.816493,20.548875
"7505","6am",15.784651,30.32585,31.338948,22.550547
"7506","6am",15.385739,30.57565,32.734061,21.304547
"7507","6am",23.677313,31.01435,24.001599,21.306735
"7508","6am",12.935902,24.95281,32.056095,30.055189
"7509","6am",12.995233,33.712,22.742129,30.550641
"7510","6am",17.381693,18.40525,17.873708,46.339344
"7511","6am",19.317054,23.70334,17.959303,39.020308
"7512","6am",28.774408,29.04778,21.931689,20.246118
"7513","6am",30.233764,28.47018,26.191583,15.104474
"7514","6am",25.948534,31.0543,23.292528,19.704635
"7701","6am",14.608737,49.07809,29.849419,6.463755
"7702","6am",13.976451,45.08256,22.698366,18.242621
"7703","6am",17.374991,39.51491,31.648937,11.461163
"7704","6am",34.632813,41.00532,19.714042,4.647826
"7705","6am",18.768682,43.79361,29.563143,7.874565
"7706","6am",19.807571,52.11864,22.920292,5.153501
"7707","6am",17.912708,58.40293,18.879579,4.804779
"7708","6am",19.69839,34.08768,35.03969,11.174243
"7709","6am",11.605327,46.7912,34.303878,7.299594
"7710","6am",10.710787,54.12784,22.24965,12.91172
"7711","6am",25.185707,47.65472,15.360319,11.799252
"7712","6am",32.814935,35.6805,22.708838,8.795727
"7713","6am",36.642889,33.01744,22.901769,7.437906
"7714","6am",23.309622,33.56558,32.96826,10.156535
"7715","6am",30.075935,48.10226,16.481935,5.339873
"7716","6am",20.625151,45.85349,26.168228,7.353128
"7801","6am",9.567173,32.8111,23.107767,34.513956
"7802","6am",11.788012,16.80506,30.737908,40.669016
"7803","6am",11.898726,20.72198,30.902163,36.477128
"7804","6am",15.979626,32.13593,29.92593,21.95851
"7805","6am",15.969031,34.90077,27.723938,21.406256
"7806","6am",19.963468,38.92809,27.813937,13.294507
"7807","6am",47.456936,23.78076,24.415841,4.346466
"7808","6am",26.046367,34.0407,29.449937,10.462993
"7809","6am",16.044535,32.7946,33.17414,17.986725
"7810","6am",10.143686,35.28644,31.489561,23.080312
"7811","6am",8.961172,24.31976,33.34482,33.374244
"7812","6am",9.666981,28.62873,26.484339,35.219954
"7813","6am",9.522982,26.79719,31.973659,31.706165
"7814","6am",9.509856,29.03059,36.663136,24.796415
"7815","6am",12.728718,39.1298,30.869577,17.271903
"7816","6am",14.636202,35.8701,30.14484,19.34886
"9101","6am",37.887629,32.30817,18.409812,11.394393
"9102","6am",13.927172,40.07797,25.828451,20.166404
"9103","6am",26.190207,35.77438,27.049281,10.986128
"9104","6am",18.1946,32.6139,30.764263,18.427241
"9105","6am",11.758013,42.46471,26.597119,19.18016
"9106","6am",25.800095,27.74251,30.578785,15.878612
"9107","6am",21.059803,32.10589,34.575966,12.25834
"9108","6am",18.310325,37.67234,26.276768,17.740563
"9109","6am",21.837751,35.70311,25.5574,16.901741
"9110","6am",36.494628,34.21496,19.224546,10.065863
"9111","6am",12.729278,36.74106,34.298112,16.231553
"9112","6am",12.858399,33.45878,37.374675,16.308148
"9113","6am",15.613402,34.70178,27.755034,21.929789
"9114","6am",9.256736,20.55338,38.753777,31.436102
"9201","6am",27.205829,36.04654,26.134876,10.612756
"9202","6am",27.830016,26.72084,28.823069,16.626073
"9203","6am",18.022852,25.37373,27.866006,28.737412
"9204","6am",22.923846,37.5708,24.9346,14.570754
"9205","6am",19.058855,18.23885,30.606227,32.096071
"9206","6am",16.04488,21.72845,29.663746,32.562922
"9207","6am",7.487036,19.28171,30.370825,42.860433
"9208","6am",10.840615,24.19024,29.309104,35.660037
"9209","6am",13.013157,34.6372,29.895733,22.45391
"9210","6am",11.526982,25.94244,30.545254,31.985328
"9211","6am",27.307166,40.39716,18.237904,14.05777
"9212","6am",17.39261,34.02507,26.097537,22.484787
"9302","6am",22.459879,42.105,29.89118,5.543944
"9303","6am",41.523814,36.74416,18.024976,3.707049
"9304","6am",37.016158,39.54162,20.77436,2.66786
"9305","6am",42.815465,26.74309,19.423045,11.018403
"9306","6am",17.879065,43.42324,26.618472,12.079218
"9307","6am",34.15425,35.07367,19.777072,10.99501
"9308","6am",34.14034,40.28945,21.620288,3.949926
"9309","6am",42.763094,30.46375,18.264389,8.508769
"9310","6am",35.92165,42.47132,17.342484,4.264541
"9311","6am",49.13007,37.11558,10.101207,3.653146
"9312","6am",43.344638,38.88447,13.977163,3.793728
"9402","6am",30.803374,45.84803,18.229344,5.119249
"9403","6am",25.780557,37.62483,30.66252,5.932091
"9404","6am",28.700458,37.77464,25.230967,8.293935
"9405","6am",17.552804,46.4335,27.295653,8.718038
"9406","6am",30.090839,44.04653,18.848067,7.014566
"9407","6am",23.708022,29.92624,29.774854,16.59088
"9408","6am",6.501454,39.36751,35.47878,18.652256
"9409","6am",14.442161,35.54535,30.49599,19.516503
"9410","6am",15.781184,43.76519,25.311416,15.14221
"9411","6am",40.773377,37.21674,12.547845,9.462036
"9412","6am",23.886293,40.06224,17.851302,18.200163
"9413","6am",37.071191,39.97633,18.389464,4.563011
"9414","6am",11.728846,34.57249,33.474682,20.223981
"9501","6am",26.223283,38.77349,28.016154,6.987075
"9502","6am",29.324284,39.59343,22.679504,8.402777
"9503","6am",18.847241,39.97915,23.245177,17.92843
"9504","6am",17.68335,31.89894,36.73721,13.680496
"9505","6am",19.679035,46.03503,26.737548,7.548388
"9506","6am",33.675023,37.06716,22.696784,6.561028
"9507","6am",38.763803,54.97658,4.264647,1.994966
"9508","6am",28.176777,44.16025,21.618865,6.044111
"9509","6am",17.308501,33.34516,25.357429,23.988908
"9510","6am",21.007608,30.26889,31.928483,16.79502
"9511","6am",10.091734,36.57768,38.089566,15.24102
"9512","6am",18.870397,37.05854,27.907022,16.164046
"9513","6am",12.656536,44.27643,28.280404,14.786626
"7501","7am",13.828216,25.6295,28.604879,31.937405
"7502","7am",17.332828,20.85943,18.482942,43.324798
"7503","7am",22.997714,22.53331,26.95325,27.515729
"7504","7am",19.320945,29.33657,31.347166,19.995318
"7505","7am",16.085924,30.46947,31.469634,21.974973
"7506","7am",16.150814,31.82828,32.832355,19.188548
"7507","7am",23.226256,31.02373,24.136165,21.613851
"7508","7am",13.104904,25.13522,32.406912,29.352962
"7509","7am",13.440977,32.65739,22.670515,31.231115
"7510","7am",17.770444,19.33836,18.50827,44.382929
"7511","7am",19.014431,23.6519,17.879626,39.454039
"7512","7am",29.191275,29.02915,21.876208,19.903365
"7513","7am",32.660272,25.01949,26.349028,15.971207
"7514","7am",26.417814,28.01734,25.936876,19.627972
"7701","7am",17.852985,48.22871,29.099476,4.818831
"7702","7am",15.013304,45.45155,21.523105,18.012038
"7703","7am",17.692066,38.91936,30.964345,12.424228
"7704","7am",35.712446,39.55296,19.729998,5.004595
"7705","7am",20.137986,43.97056,28.038435,7.853017
"7706","7am",20.328126,52.0545,22.763497,4.853878
"7707","7am",16.988455,60.29453,18.482414,4.234598
"7708","7am",18.690864,34.09846,36.420973,10.789698
"7709","7am",12.822442,49.4325,30.519697,7.225359
"7710","7am",11.371989,52.46682,22.43702,13.724168
"7711","7am",25.053075,50.01827,14.988304,9.940354
"7712","7am",32.727766,34.8806,23.06199,9.329642
"7713","7am",37.434155,31.97904,22.562839,8.023968
"7714","7am",24.177818,33.83128,31.789606,10.201292
"7715","7am",32.409917,45.88678,15.881143,5.82216
"7716","7am",21.183697,45.25111,26.380288,7.184904
"7801","7am",9.220813,34.03134,21.675046,35.072805
"7802","7am",12.450583,17.86022,29.827259,39.861941
"7803","7am",11.914391,21.2047,31.305698,35.57521
"7804","7am",15.340379,33.23744,30.20677,21.215409
"7805","7am",17.796476,33.32887,27.394573,21.480079
"7806","7am",19.685601,40.17524,26.909217,13.229947
"7807","7am",45.618304,23.95228,25.624017,4.805398
"7808","7am",26.550933,35.16852,27.802291,10.47826
"7809","7am",16.182064,32.86845,34.760226,16.189262
"7810","7am",11.126315,34.78932,32.064801,22.019566
"7811","7am",10.504763,23.24637,32.411598,33.837266
"7812","7am",8.296094,28.62909,27.155186,35.919629
"7813","7am",10.669814,26.77274,31.459803,31.097644
"7814","7am",9.947733,29.64193,36.822997,23.587338
"7815","7am",13.100372,40.85859,28.332222,17.708815
"7816","7am",15.337709,34.36716,30.488902,19.806233
"9101","7am",37.590364,33.91042,17.492662,11.006549
"9102","7am",13.000857,39.07033,28.056396,19.872416
"9103","7am",27.1009,34.93758,26.386289,11.575235
"9104","7am",18.965619,33.98128,28.99241,18.060688
"9105","7am",12.333787,41.92811,27.846992,17.891111
"9106","7am",27.201505,25.53579,30.584911,16.677788
"9107","7am",21.571605,29.98562,35.980862,12.461917
"9108","7am",19.039437,37.07557,26.579492,17.305505
"9109","7am",21.116029,35.41236,25.579743,17.891866
"9110","7am",37.81413,34.95857,16.955321,10.271983
"9111","7am",14.278674,37.25968,32.102737,16.358909
"9112","7am",13.446729,34.14097,35.377852,17.03445
"9113","7am",15.10908,34.47456,28.135401,22.280959
"9114","7am",9.056325,21.29373,39.534499,30.115451
"9201","7am",25.739342,35.47211,27.857012,10.931536
"9202","7am",27.433033,25.55795,28.447859,18.561159
"9203","7am",18.889658,26.23487,27.692967,27.182506
"9204","7am",23.968621,37.06873,25.487101,13.47555
"9205","7am",18.547097,19.74817,30.164732,31.540001
"9206","7am",15.47989,21.54353,30.612488,32.364095
"9207","7am",7.621526,19.62806,30.429538,42.320872
"9208","7am",11.902049,23.9506,29.24691,34.900438
"9209","7am",12.414491,34.47215,30.380491,22.732867
"9210","7am",11.17143,26.37758,30.308546,32.142445
"9211","7am",26.885681,40.21359,18.567845,14.332884
"9212","7am",18.094158,31.83763,27.951226,22.116986
"9302","7am",22.377081,42.0884,30.347659,5.186855
"9303","7am",42.134126,35.86298,17.918771,4.084121
"9304","7am",36.397002,39.18517,21.510271,2.907556
"9305","7am",41.968395,25.26783,19.730395,13.033383
"9306","7am",17.780057,45.21868,26.462239,10.53902
"9307","7am",34.931248,34.67481,19.408163,10.985783
"9308","7am",34.702077,39.26394,21.790011,4.243974
"9309","7am",42.477978,31.63581,17.32282,8.563392
"9310","7am",36.337818,43.70034,15.715839,4.246007
"9311","7am",48.819963,36.56029,10.836227,3.783522
"9312","7am",42.354797,39.16995,14.4236,4.051649
"9402","7am",29.973467,46.27493,18.55685,5.194756
"9403","7am",26.305138,36.91571,30.835346,5.943809
"9404","7am",29.706314,36.40317,26.111822,7.778694
"9405","7am",19.952688,42.66244,27.702693,9.682178
"9406","7am",30.117516,45.81434,16.663294,7.404854
"9407","7am",23.402014,30.45511,29.08727,17.055611
"9408","7am",7.156975,39.52141,35.545557,17.776058
"9409","7am",14.829097,34.96778,30.320278,19.882843
"9410","7am",15.588739,42.00707,26.364171,16.040025
"9411","7am",40.356853,38.85426,11.884897,8.90399
"9412","7am",23.342722,39.80448,18.587254,18.26554
"9413","7am",37.594233,38.80402,19.181451,4.420298
"9414","7am",12.603586,33.70959,32.853699,20.83313
"9501","7am",27.718278,37.91573,27.371549,6.994444
"9502","7am",31.148534,38.23581,21.762419,8.853237
"9503","7am",20.536873,39.98198,22.36797,17.113177
"9504","7am",18.230433,32.52515,35.852218,13.392203
"9505","7am",21.056123,45.06355,27.182327,6.697998
"9506","7am",32.31673,37.87422,23.232814,6.576239
"9507","7am",39.074419,54.32329,4.437475,2.164814
"9508","7am",27.716865,44.13211,22.280921,5.8701
"9509","7am",18.213138,33.40593,23.961356,24.419579
"9510","7am",21.323478,30.79739,32.338606,15.540522
"9511","7am",9.708127,36.40971,37.859113,16.02305
"9512","7am",19.014578,39.10337,26.128262,15.753787
"9513","7am",13.350675,43.17282,28.145848,15.330653
"7501","8am",12.772854,27.80844,30.336473,29.0822338
"7502","8am",17.341576,20.2487,22.225667,40.1840586
"7503","8am",22.834856,24.5577,27.228545,25.3788968
"7504","8am",20.589637,32.78437,29.236954,17.3890398
"7505","8am",16.397285,32.28078,31.105979,20.2159591
"7506","8am",16.409103,33.69291,32.387338,17.5106519
"7507","8am",23.906699,31.63686,22.130764,22.3256723
"7508","8am",14.676477,25.16586,32.70258,27.4550848
"7509","8am",13.522548,33.179,24.392767,28.9056885
"7510","8am",17.276495,22.77896,19.359896,40.584644
"7511","8am",18.154164,23.93646,21.709128,36.200252
"7512","8am",31.31105,27.55668,22.03521,19.0970551
"7513","8am",31.726964,26.7728,26.652746,14.8474934
"7514","8am",29.339409,27.87991,23.259171,19.5215097
"7701","8am",20.435254,49.9275,26.495565,3.1416793
"7702","8am",15.256509,42.73443,24.399484,17.60958
"7703","8am",19.190761,40.22194,29.040904,11.5463988
"7704","8am",36.306241,40.64761,18.183468,4.8626768
"7705","8am",20.725721,45.75986,24.748393,8.7660317
"7706","8am",21.563995,51.74992,21.763975,4.9221123
"7707","8am",17.864967,58.6338,18.833974,4.6672544
"7708","8am",20.134805,37.79114,33.15818,8.9158783
"7709","8am",17.82426,49.29166,25.067386,7.8166889
"7710","8am",9.695057,54.69535,21.538745,14.0708487
"7711","8am",26.914255,46.10175,18.209149,8.774847
"7712","8am",32.894476,34.49174,23.779198,8.834586
"7713","8am",40.16826,32.02967,19.294702,8.5073674
"7714","8am",25.447369,33.12259,31.421793,10.0082471
"7715","8am",33.351045,45.58028,16.067003,5.0016676
"7716","8am",24.17242,44.58586,25.509146,5.7325772
"7801","8am",10.570896,34.99346,22.000343,32.4352983
"7802","8am",12.39014,16.58606,30.249539,40.7742654
"7803","8am",13.159811,20.62616,33.96629,32.2477342
"7804","8am",17.989141,30.36944,30.087909,21.5535104
"7805","8am",19.300799,35.05906,25.420513,20.2196295
"7806","8am",21.047323,41.85139,26.226559,10.8747235
"7807","8am",44.990069,25.38442,24.454705,5.1708096
"7808","8am",30.555992,35.61215,22.516884,11.3149785
"7809","8am",17.231313,31.38733,34.062079,17.3192737
"7810","8am",12.104959,36.67308,30.106949,21.1150082
"7811","8am",11.553738,22.33259,32.639347,33.4743253
"7812","8am",8.960549,29.59722,27.551974,33.8902615
"7813","8am",13.234425,27.07882,32.57724,27.1095159
"7814","8am",11.076962,31.90339,35.575305,21.4443388
"7815","8am",12.67685,43.93119,24.711298,18.6806608
"7816","8am",14.4542,33.82965,32.931911,18.7842414
"9101","8am",35.738937,35.02067,17.402002,11.8383917
"9102","8am",14.38912,37.62692,26.871154,21.1128013
"9103","8am",29.923569,33.50169,26.061929,10.5128123
"9104","8am",20.111898,35.08661,30.028379,14.7731103
"9105","8am",14.857618,42.98997,27.016506,15.1359012
"9106","8am",27.466709,25.83198,31.05062,15.650687
"9107","8am",21.124657,31.81279,37.018097,10.0444571
"9108","8am",21.783279,39.35367,23.961276,14.9017748
"9109","8am",20.240641,35.72062,25.546502,18.4922344
"9110","8am",40.727993,31.64943,17.042431,10.5801473
"9111","8am",16.349607,39.86105,29.475967,14.3133799
"9112","8am",13.579733,39.61717,28.462181,18.3409136
"9113","8am",14.676387,32.80271,32.041915,20.4789923
"9114","8am",9.06549,21.03151,43.982019,25.9209834
"9201","8am",26.978896,34.80042,27.462813,10.7578662
"9202","8am",26.670715,26.64149,26.335841,20.3519495
"9203","8am",19.691019,25.66211,27.447956,27.198918
"9204","8am",23.094961,37.93677,25.566971,13.4012979
"9205","8am",18.175158,20.98985,27.213352,33.6216357
"9206","8am",15.877199,24.99961,30.898903,28.2242831
"9207","8am",8.398431,22.65832,28.048104,40.8951494
"9208","8am",12.81562,25.94282,28.162568,33.0789901
"9209","8am",12.449497,36.6399,28.124225,22.7863818
"9210","8am",11.990614,28.37839,30.027144,29.6038569
"9211","8am",25.43316,44.29,16.970511,13.3063246
"9212","8am",19.58838,31.36028,27.19754,21.853796
"9302","8am",23.102628,40.63614,31.187757,5.0734737
"9303","8am",40.468431,37.22376,18.979002,3.328804
"9304","8am",34.024889,38.92446,22.142951,4.9076968
"9305","8am",48.987098,27.73348,15.009225,8.2701974
"9306","8am",18.451976,49.01159,22.889606,9.6468268
"9307","8am",36.755145,31.64362,19.228123,12.3731131
"9308","8am",34.478974,39.7143,21.010651,4.7960737
"9309","8am",41.348317,31.80345,18.586436,8.2617959
"9310","8am",35.903754,44.72979,15.816098,3.550358
"9311","8am",50.058538,36.13137,10.325109,3.4849828
"9312","8am",38.930405,39.91212,16.005951,5.1515211
"9402","8am",30.370677,46.90757,17.322529,5.3992263
"9403","8am",28.517489,36.82576,28.211578,6.4451749
"9404","8am",30.640491,38.28012,22.171535,8.9078527
"9405","8am",22.359653,42.20846,25.462993,9.9688912
"9406","8am",30.454214,45.81504,16.338383,7.3923669
"9407","8am",23.687317,28.97088,31.250793,16.0910154
"9408","8am",7.294504,43.08289,32.462597,17.1600058
"9409","8am",17.903531,36.50682,31.069187,14.5204668
"9410","8am",14.763113,43.82398,24.959188,16.4537159
"9411","8am",38.494777,41.45339,10.704271,9.3475579
"9412","8am",25.33779,39.35296,17.321552,17.987699
"9413","8am",42.193701,35.74999,21.256179,0.8001269
"9414","8am",13.625718,36.80903,32.621334,16.9439175
"9501","8am",29.483946,36.30538,27.438904,6.7717664
"9502","8am",33.336615,37.15432,22.533263,6.9758069
"9503","8am",20.889687,44.89883,20.731381,13.4800974
"9504","8am",20.505987,30.69289,37.697503,11.1036201
"9505","8am",22.78451,43.81171,27.280886,6.1228924
"9506","8am",36.278535,40.39755,15.488787,7.8351247
"9507","8am",40.029748,53.08933,3.814384,3.0665341
"9508","8am",27.666552,45.59141,18.426937,8.3150975
"9509","8am",21.169688,34.34369,19.349272,25.1373532
"9510","8am",23.344705,30.52212,34.157559,11.975621
"9511","8am",11.932681,36.75803,34.576646,16.7326452
"9512","8am",23.275552,38.722,21.296108,16.706342
"9513","8am",14.260049,42.15643,30.57168,13.0118409
"7501","9am",13.31972,28.32348,30.833362,27.5234376
"7502","9am",16.927204,25.37969,22.031806,35.6612974
"7503","9am",17.555356,25.57935,27.438067,29.4272312
"7504","9am",20.054888,36.59198,26.431735,16.9213931
"7505","9am",20.748304,31.77906,29.772669,17.6999654
"7506","9am",17.134036,34.55401,31.256072,17.0558802
"7507","9am",22.648259,33.10542,22.474298,21.7720263
"7508","9am",16.176662,31.55243,30.147432,22.1234728
"7509","9am",15.203299,33.87534,23.493185,27.428177
"7510","9am",18.26565,26.94418,20.825453,33.9647147
"7511","9am",18.883117,28.12457,26.377297,26.6150185
"7512","9am",31.387703,31.62245,21.207329,15.7825153
"7513","9am",30.482424,27.90455,25.44497,16.1680543
"7514","9am",31.623339,29.2722,20.600599,18.5038612
"7701","9am",18.757317,48.02399,25.446497,7.7721913
"7702","9am",15.110373,40.38664,30.484942,14.0180454
"7703","9am",20.546201,37.84826,29.689224,11.9163152
"7704","9am",32.430095,41.21565,19.624189,6.7300637
"7705","9am",19.94363,45.53304,28.252247,6.2710857
"7706","9am",22.755969,48.83021,22.967075,5.4467492
"7707","9am",17.582276,57.23371,20.024828,5.1591894
"7708","9am",21.811002,40.07885,31.423449,6.6867044
"7709","9am",13.968055,55.35864,24.32745,6.3458596
"7710","9am",12.724245,58.16993,20.153409,8.9524181
"7711","9am",33.259266,39.81376,21.088691,5.8382835
"7712","9am",33.670159,32.05627,24.417522,9.8560476
"7713","9am",41.300365,32.15116,18.104257,8.4442164
"7714","9am",27.687333,32.61755,30.675885,9.0192287
"7715","9am",34.12258,43.93741,17.630434,4.3095748
"7716","9am",21.130577,48.65688,22.242863,7.9696757
"7801","9am",12.08219,35.36958,24.757381,27.7908493
"7802","9am",14.168689,20.00579,28.025881,37.799639
"7803","9am",13.247843,24.58224,35.21082,26.9590934
"7804","9am",18.510046,33.0661,27.391012,21.0328407
"7805","9am",17.131523,40.71197,23.357305,18.7991985
"7806","9am",22.81671,40.37693,26.620696,10.1856638
"7807","9am",45.884154,25.87101,24.885039,3.3598016
"7808","9am",32.489464,33.88659,18.007361,15.6165891
"7809","9am",17.083289,32.11177,34.918945,15.8859973
"7810","9am",13.144115,37.09025,25.700957,24.0646762
"7811","9am",11.944328,20.55498,33.178909,34.3217809
"7812","9am",8.95946,31.49539,28.427883,31.1172653
"7813","9am",14.754071,29.15663,31.624286,24.4650172
"7814","9am",12.814833,37.03614,28.735179,21.4138509
"7815","9am",14.698126,44.362,25.224454,15.7154229
"7816","9am",13.539209,33.02599,30.736012,22.6987931
"9101","9am",32.124662,35.271,20.650421,11.9539123
"9102","9am",13.701743,36.94308,29.809256,19.545919
"9103","9am",29.357654,35.86431,24.139237,10.6388003
"9104","9am",23.513539,38.20198,26.260314,12.0241652
"9105","9am",13.607155,45.86633,25.670637,14.8558796
"9106","9am",30.032429,26.03223,28.741139,15.1942057
"9107","9am",24.148301,33.41757,33.876628,8.5575003
"9108","9am",21.177961,42.6112,23.080068,13.1307748
"9109","9am",22.122975,36.87205,21.607219,19.3977557
"9110","9am",38.862098,30.81937,17.707537,12.6109909
"9111","9am",16.696716,38.62475,27.953736,16.7247966
"9112","9am",15.758314,39.64863,26.465988,18.1270669
"9113","9am",15.725357,31.22079,34.863627,18.1902265
"9114","9am",9.247638,22.79511,44.983611,22.9736389
"9201","9am",29.585648,34.84681,26.799337,8.7682002
"9202","9am",25.84079,30.46714,19.808626,23.8834458
"9203","9am",20.417296,28.38331,27.625995,23.5733974
"9204","9am",20.824191,33.08144,28.679907,17.4144635
"9205","9am",14.622637,21.61326,29.422028,34.3420777
"9206","9am",15.32657,26.53656,32.745316,25.3915561
"9207","9am",8.954999,27.06684,25.434612,38.5435527
"9208","9am",15.61063,27.01562,25.937149,31.4366046
"9209","9am",11.080143,34.23067,30.231608,24.4575824
"9210","9am",15.430741,30.55133,30.121233,23.8967007
"9211","9am",26.067524,43.10563,16.583971,14.2428745
"9212","9am",18.742457,28.76797,26.05585,26.4337275
"9302","9am",27.169368,38.78305,26.897978,7.149602
"9303","9am",41.063342,35.4379,19.460196,4.0385657
"9304","9am",29.992826,36.45465,25.092135,8.4603848
"9305","9am",48.460994,30.78057,12.275944,8.4824916
"9306","9am",22.120667,52.11899,20.451975,5.3083709
"9307","9am",38.23522,31.67984,17.456761,12.6281841
"9308","9am",37.056267,39.79452,18.883266,4.2659438
"9309","9am",36.288555,34.89564,18.716069,10.0997388
"9310","9am",36.346251,40.72586,18.307107,4.6207777
"9311","9am",50.679523,35.20679,10.4924,3.6212913
"9312","9am",34.472894,37.87115,17.327718,10.3282364
"9402","9am",29.075543,47.58688,16.928409,6.4091676
"9403","9am",28.762834,36.60038,26.8463,7.7904897
"9404","9am",31.128708,39.13468,19.021514,10.7150947
"9405","9am",21.986687,40.12484,23.117898,14.7705704
"9406","9am",28.367194,43.27568,18.65317,9.7039588
"9407","9am",23.467784,31.62594,30.806203,14.1000757
"9408","9am",8.636676,42.90442,31.318042,17.1408604
"9409","9am",18.825684,33.73071,30.885406,16.5582049
"9410","9am",13.125205,47.2882,22.823208,16.7633873
"9411","9am",37.527839,45.09361,11.024376,6.3541756
"9412","9am",29.540603,46.17169,16.110551,8.177155
"9413","9am",42.700628,38.34171,18.066019,0.8916387
"9414","9am",12.302557,35.94436,36.907138,14.8459416
"9501","9am",31.456875,32.8503,26.899119,8.7937048
"9502","9am",30.903307,38.89643,23.925955,6.2743093
"9503","9am",20.849229,47.18516,20.238911,11.7267026
"9504","9am",25.230122,29.39829,34.082468,11.2891166
"9505","9am",22.779757,41.31282,29.723504,6.183923
"9506","9am",31.986579,45.09653,15.246445,7.6704421
"9507","9am",39.533729,50.5303,5.991706,3.9442598
"9508","9am",28.519628,45.62247,16.472192,9.3857069
"9509","9am",25.025919,35.96697,17.227058,21.7800503
"9510","9am",23.985367,28.62885,32.097874,15.2879055
"9511","9am",14.615024,41.64803,31.088558,12.6483889
"9512","9am",26.308249,37.75538,23.385976,12.5503946
"9513","9am",16.987462,40.65211,31.509523,10.8509081
"7501","10am",12.194059,28.87949,31.096743,27.829713
"7502","10am",15.015393,27.00956,24.692571,33.282477
"7503","10am",15.241098,26.17226,27.486418,31.100224
"7504","10am",23.256072,36.39642,23.542579,16.80493
"7505","10am",18.15371,32.38468,30.786202,18.675408
"7506","10am",17.284296,37.30681,27.299451,18.109443
"7507","10am",22.253607,30.50685,24.431125,22.808413
"7508","10am",13.800654,31.75603,31.120198,23.323119
"7509","10am",14.697503,32.05574,23.5569,29.689859
"7510","10am",15.963789,25.70896,23.358305,34.968945
"7511","10am",17.888976,28.32965,28.913052,24.868319
"7512","10am",33.749299,31.71139,22.09544,12.44387
"7513","10am",34.913209,24.77291,25.047014,15.266868
"7514","10am",32.967238,29.47934,20.391375,17.162048
"7701","10am",20.230275,46.77109,24.762231,8.236399
"7702","10am",14.839136,38.12973,32.110021,14.921117
"7703","10am",19.574227,36.4877,29.920635,14.017443
"7704","10am",31.506644,41.29603,20.250549,6.946776
"7705","10am",17.864347,49.72432,26.7901,5.621229
"7706","10am",22.825205,50.25665,21.253252,5.664893
"7707","10am",17.72631,54.89337,22.018021,5.362302
"7708","10am",22.542586,39.79889,32.820071,4.838451
"7709","10am",14.577154,56.50305,25.521468,3.398324
"7710","10am",14.035057,55.39143,20.221392,10.352126
"7711","10am",32.396864,39.75302,20.724141,7.125979
"7712","10am",32.262721,31.14383,25.381308,11.212143
"7713","10am",41.139757,32.65741,17.880022,8.322815
"7714","10am",27.463463,32.85768,31.130652,8.548206
"7715","10am",34.144259,43.19225,17.701779,4.961716
"7716","10am",20.574537,48.65447,22.583943,8.187049
"7801","10am",12.661447,37.95922,25.003568,24.375766
"7802","10am",15.961987,23.32207,23.039187,37.676758
"7803","10am",12.544375,25.01844,35.864745,26.572443
"7804","10am",18.083793,34.52972,28.623445,18.763041
"7805","10am",14.277705,39.88987,25.435799,20.396628
"7806","10am",20.637317,42.72496,27.328431,9.309296
"7807","10am",43.618105,30.25425,22.540944,3.586699
"7808","10am",33.372285,31.60837,17.996223,17.023124
"7809","10am",18.741341,30.34876,35.317471,15.592423
"7810","10am",12.090676,34.40348,29.33582,24.170025
"7811","10am",13.167071,22.60632,33.09834,31.128272
"7812","10am",8.398921,30.49266,30.322671,30.785747
"7813","10am",15.513817,30.86736,28.229375,25.389446
"7814","10am",11.446962,41.23129,27.677423,19.644325
"7815","10am",14.711578,43.91562,22.935116,18.437691
"7816","10am",13.078889,31.99624,30.863548,24.061324
"9101","10am",28.177769,34.49685,21.992305,15.333074
"9102","10am",13.514487,36.72491,32.103025,17.657578
"9103","10am",30.758573,35.18211,24.457849,9.601467
"9104","10am",24.195691,35.48322,28.047556,12.27353
"9105","10am",13.579486,43.76745,27.057524,15.595538
"9106","10am",31.383962,27.49664,26.04986,15.069539
"9107","10am",24.720931,33.15266,33.791482,8.334929
"9108","10am",21.704731,39.73777,28.218703,10.338799
"9109","10am",21.524927,35.58913,22.865119,20.020824
"9110","10am",38.662778,30.42953,17.420748,13.486948
"9111","10am",14.72076,40.0579,28.398851,16.822491
"9112","10am",16.559425,40.78655,26.735648,15.918378
"9113","10am",14.187954,29.15126,34.930507,21.730278
"9114","10am",9.570207,20.04183,48.170064,22.217895
"9201","10am",28.885419,38.06765,21.485381,11.56155
"9202","10am",24.807086,29.13368,18.512463,27.546772
"9203","10am",20.842787,27.1015,28.757547,23.298164
"9204","10am",17.51363,31.7887,32.59884,18.098833
"9205","10am",12.345866,20.1513,29.076188,38.426643
"9206","10am",15.632191,26.02285,33.259964,25.084994
"9207","10am",10.252542,24.81289,28.943462,35.991111
"9208","10am",15.21788,28.63956,27.369201,28.773359
"9209","10am",11.122055,33.82448,30.013694,25.039776
"9210","10am",15.518721,27.95445,34.461953,22.06488
"9211","10am",20.281306,44.8188,19.656484,15.243413
"9212","10am",17.499122,31.88543,25.751086,24.864367
"9302","10am",25.483867,40.78658,25.632483,8.09707
"9303","10am",40.094952,33.76242,20.355974,5.786656
"9304","10am",29.758033,35.94417,23.856682,10.44111
"9305","10am",44.944824,33.19334,13.337423,8.524418
"9306","10am",22.936073,52.59527,19.910763,4.557894
"9307","10am",39.32251,31.37347,16.638134,12.665885
"9308","10am",35.995037,41.01011,18.802203,4.192652
"9309","10am",36.346657,35.42907,17.462471,10.761801
"9310","10am",35.294092,42.0938,18.298552,4.313555
"9311","10am",50.245416,35.00245,11.749917,3.002215
"9312","10am",31.778762,34.41153,20.0856,13.724108
"9402","10am",28.501884,45.38002,17.265102,8.852993
"9403","10am",27.785985,37.53423,26.269229,8.410556
"9404","10am",31.271376,39.60268,18.747678,10.378264
"9405","10am",20.880271,39.1511,22.288073,17.680553
"9406","10am",26.926224,41.84843,19.416253,11.809094
"9407","10am",22.495192,31.24526,32.530943,13.728602
"9408","10am",8.074805,41.66973,31.240528,19.014933
"9409","10am",19.944342,34.72539,28.243133,17.08713
"9410","10am",10.941502,47.78576,22.779465,18.493275
"9411","10am",36.433469,47.01462,10.123772,6.428144
"9412","10am",26.655185,49.22715,14.320214,9.797447
"9413","10am",42.302098,37.17925,19.111665,1.406986
"9414","10am",15.337165,33.94121,32.669563,18.052059
"9501","10am",30.50969,31.26322,29.210673,9.016415
"9502","10am",28.86667,37.01163,26.089592,8.032111
"9503","10am",23.942103,42.82715,22.71528,10.515467
"9504","10am",26.923999,30.94391,31.458765,10.673325
"9505","10am",22.617564,43.05584,28.407932,5.91866
"9506","10am",29.746987,46.45409,17.740631,6.058289
"9507","10am",42.490562,45.82716,7.800382,3.881891
"9508","10am",27.181346,42.9964,18.860818,10.961433
"9509","10am",27.937855,37.11186,15.680809,19.269472
"9510","10am",21.486896,34.46891,29.749921,14.294271
"9511","10am",16.060243,44.25571,30.419512,9.26454
"9512","10am",28.006807,36.30195,23.694991,11.99625
"9513","10am",15.858262,44.2641,30.38021,9.49743
"7501","11am",12.268132,28.81512,30.78477,28.1319819
"7502","11am",15.082174,28.50292,24.1851,32.2298074
"7503","11am",14.976299,25.55662,28.72334,30.743743
"7504","11am",22.907941,34.96339,23.29918,18.8294846
"7505","11am",17.434261,32.18843,30.88571,19.4915934
"7506","11am",18.582057,36.75298,25.83049,18.834481
"7507","11am",22.636053,30.74147,25.6029,21.019573
"7508","11am",15.2369,31.26604,29.69851,23.798542
"7509","11am",15.163643,30.46067,24.59802,29.7776626
"7510","11am",15.420394,25.87271,26.38376,32.3231319
"7511","11am",18.096768,28.43965,29.04294,24.4206389
"7512","11am",32.622333,32.56018,21.86584,12.9516481
