"district","hour","age1","age2","age3","age4"
"001","4am",41.94808,26.396328,25.1643,6.49129
"002","4am",39.905685,21.236918,25.93711,12.920283
"003","4am",28.140146,19.525372,38.31606,14.018422
"004","4am",17.886909,16.817219,46.65245,18.643423
"005","4am",29.094729,19.984169,33.45574,17.465359
"006","4am",40.123094,18.473574,28.08483,13.318498
"007","4am",23.572018,18.390591,41.97249,16.064901
"008","4am",11.142901,16.886358,44.94105,27.029687
"009","4am",15.437824,31.248148,32.64248,20.671543
"010","4am",14.218405,23.237854,42.66324,19.880501
"011","4am",13.966482,20.621803,46.24673,19.164981
"012","4am",14.324585,16.502413,40.28944,28.883557
"013","4am",16.589139,17.755597,50.76866,14.886607
"014","4am",14.054263,19.30847,46.69278,19.944484
"015","4am",15.581553,15.692432,47.05266,21.673352
"016","4am",10.722541,16.239371,54.00626,19.031832
"017","4am",18.957232,16.71643,41.78944,22.536896
"018","4am",26.800224,24.832464,34.47856,13.888747
"019","4am",18.160664,17.826587,47.07864,16.93411
"020","4am",21.928297,19.109487,44.04944,14.912771
"021","4am",23.626398,28.594517,34.16218,13.616907
"022","4am",55.544847,21.914784,16.44926,6.091108
"023","4am",24.630678,24.579047,43.95747,6.832805
"024","4am",19.167897,17.82305,49.93897,13.07008
"025","4am",52.001466,20.26442,21.03542,6.698698
"026","4am",25.197322,21.876299,38.15527,14.771114
"027","4am",11.854385,24.7332,46.14551,17.266907
"028","4am",28.230517,31.68768,29.09393,10.987871
"029","4am",14.541069,17.067091,47.85207,20.539772
"030","4am",13.748315,4.578289,54.32027,27.353124
"031","4am",13.648906,9.44688,51.83116,25.073059
"032","4am",11.187668,18.902982,52.45471,17.454642
"033","4am",13.238907,16.307828,49.90399,20.549278
"034","4am",7.570564,11.723121,55.60367,25.102645
"035","4am",13.54737,13.35666,49.94267,23.153299
"036","4am",11.538316,9.562764,53.65747,25.241448
"037","4am",11.284211,15.585729,53.58274,19.547318
"038","4am",11.479928,11.363671,54.02724,23.129166
"039","4am",16.941733,21.80859,45.54446,15.705217
"040","4am",17.401775,8.757093,53.25055,20.590582
"041","4am",13.941944,13.42891,51.15948,21.46967
"042","4am",14.395906,13.649102,55.34479,16.610201
"043","4am",10.702629,12.47737,51.57701,25.242989
"044","4am",7.509667,10.389291,51.45262,30.648419
"045","4am",13.32869,10.098856,58.90649,17.665961
"046","4am",14.413589,10.767554,54.96572,19.853141
"047","4am",10.981017,10.752932,58.44122,19.824828
"048","4am",15.78108,14.554496,53.26839,16.396037
"049","4am",8.934277,12.570791,60.59748,17.897453
"050","4am",6.720886,17.264379,60.42365,15.591081
"051","4am",12.431844,8.861682,57.03219,21.674283
"052","4am",12.965766,8.723262,60.7601,17.550869
"053","4am",10.054542,12.491312,60.16031,17.293834
"054","4am",13.16136,14.87376,54.45001,17.514869
"055","4am",12.253145,8.511885,62.52627,16.708703
"056","4am",4.99649,8.699344,49.23044,37.073725
"057","4am",13.935028,9.129268,57.45173,19.483976
"058","4am",13.13915,9.263813,56.94158,20.655459
"059","4am",13.132411,13.890171,48.79238,24.185037
"060","4am",10.172964,15.766403,54.68468,19.375958
"061","4am",10.960617,17.860355,54.56355,16.615483
"062","4am",11.250442,9.917019,62.21418,16.618359
"063","4am",11.665902,11.218637,62.3882,14.727257
"064","4am",10.082598,12.271026,56.0882,21.558179
"065","4am",11.016372,15.493101,53.47503,20.015497
"066","4am",13.440389,8.391033,56.59338,21.575195
"067","4am",10.101298,16.235189,52.93616,20.727354
"068","4am",10.312394,5.33589,57.8096,26.542114
"069","4am",5.610393,7.068748,69.46192,17.858943
"070","4am",10.762768,13.224021,53.46771,22.5455
"071","4am",6.174831,21.112744,49.46442,23.248005
"072","4am",10.349522,9.281625,57.33924,23.029615
"073","4am",10.565157,12.782008,45.71594,30.936896
"074","4am",3.265354,16.423649,45.44027,34.870733
"075","4am",15.247893,13.650869,46.82031,24.280929
"076","4am",10.898275,11.251796,48.6611,29.188832
"077","4am",7.639883,17.192627,49.81931,25.348181
"078","4am",10.08291,10.676713,54.83663,24.403745
"079","4am",9.584773,13.188032,52.43252,24.794678
"080","4am",8.29749,9.160672,53.98518,28.556658
"001","5am",40.746189,26.855813,26.00153,6.396466
"002","5am",39.51123,21.026998,26.6692,12.79257
"003","5am",28.449888,19.243723,38.49018,13.816209
"004","5am",17.982671,16.907254,46.36684,18.743235
"005","5am",29.094729,19.984169,33.45574,17.465359
"006","5am",40.123094,18.473574,28.08483,13.318498
"007","5am",23.499213,18.333789,42.15172,16.015283
"008","5am",11.193272,16.962692,44.69216,27.151873
"009","5am",17.300884,29.219771,33.64447,19.834878
"010","5am",14.524055,23.737393,41.43068,20.307867
"011","5am",13.822524,20.409245,46.80079,18.967439
"012","5am",13.854787,16.757178,40.05857,29.329461
"013","5am",16.917885,18.599781,50.03053,14.451809
"014","5am",14.239164,18.575774,46.97818,20.206877
"015","5am",15.723232,15.835118,46.57123,21.870421
"016","5am",10.928086,15.637016,54.03824,19.396662
"017","5am",18.820101,17.311945,41.49408,22.37387
"018","5am",27.183717,24.304419,34.42438,14.087486
"019","5am",18.160664,17.826587,47.07864,16.93411
"020","5am",22.448656,19.562956,42.72174,15.266652
"021","5am",23.760178,28.756428,33.78938,13.69401
"022","5am",54.907523,22.454295,16.61696,6.021218
"023","5am",23.769705,25.52372,44.11261,6.593962
"024","5am",17.824651,17.894776,51.15789,13.122679
"025","5am",51.70009,20.146977,21.49306,6.659876
"026","5am",25.197322,21.876299,38.15527,14.771114
"027","5am",12.061599,24.312811,46.05686,17.568731
"028","5am",28.715538,30.992307,29.27272,11.019432
"029","5am",14.966279,17.030524,47.97449,20.028703
"030","5am",13.748315,4.578289,54.32027,27.353124
"031","5am",13.835708,9.576172,51.17191,25.416215
"032","5am",11.119175,17.884209,53.64884,17.347781
"033","5am",13.191495,16.249426,50.08339,20.475685
"034","5am",7.476901,11.578082,56.15294,24.792073
"035","5am",13.16729,14.412837,49.91615,22.503719
"036","5am",11.431007,9.473828,54.08847,25.006698
"037","5am",11.352649,16.779094,52.20238,19.665872
"038","5am",11.538583,12.194089,53.01999,23.247341
"039","5am",17.051109,21.949386,45.19289,15.806611
"040","5am",17.304116,9.209325,53.01153,20.475027
"041","5am",13.941944,13.42891,51.15948,21.46967
"042","5am",14.564117,13.808587,54.82301,16.804285
"043","5am",10.657077,12.424264,51.78311,25.13555
"044","5am",7.544783,10.437873,51.22561,30.791736
"045","5am",13.508219,9.469395,59.11848,17.90391
"046","5am",14.209717,10.615253,55.6027,19.57233
"047","5am",11.466671,10.326063,57.50565,20.701614
"048","5am",15.78108,14.554496,53.26839,16.396037
"049","5am",9.473229,12.329294,60.64385,17.553626
"050","5am",6.759444,17.363424,60.19661,15.680526
"051","5am",12.751138,8.108077,56.90983,22.230955
"052","5am",13.050624,9.301109,59.98253,17.665735
"053","5am",10.054542,12.491312,60.16031,17.293834
"054","5am",13.309445,14.778745,54.19987,17.711937
"055","5am",12.491946,8.677772,61.79594,17.034338
"056","5am",5.072199,8.83116,48.46116,37.635482
"057","5am",13.762175,9.016027,57.9795,19.242293
"058","5am",13.455904,9.487142,55.90354,21.153414
"059","5am",13.134455,13.892333,48.78441,24.188802
"060","5am",9.963528,15.441813,55.6176,18.977056
"061","5am",11.122467,18.124089,53.89261,16.860835
"062","5am",9.812552,9.943097,63.58229,16.662059
"063","5am",10.942079,10.688893,63.24349,15.125542
"064","5am",10.082598,12.271026,56.0882,21.558179
"065","5am",11.090323,14.925824,53.834,20.149857
"066","5am",13.440389,8.391033,56.59338,21.575195
"067","5am",9.651249,15.154708,53.8461,21.347945
"068","5am",10.581874,5.475326,56.7071,27.235703
"069","5am",5.795453,7.301911,68.45461,18.448022
"070","5am",10.49269,13.833607,53.69395,21.979749
"071","5am",6.28513,19.703614,50.34798,23.663274
"072","5am",10.561433,10.48892,55.44849,23.501157
"073","5am",8.907096,12.911328,46.93168,31.249896
"074","5am",3.350679,16.852806,44.01459,35.78192
"075","5am",15.812942,13.580545,46.45067,24.155844
"076","5am",10.956913,11.312337,48.38487,29.345884
"077","5am",7.681848,17.287063,49.54367,25.487415
"078","5am",10.164436,10.763041,54.47146,24.601065
"079","5am",9.584773,13.188032,52.43252,24.794678
"080","5am",8.421091,9.297132,53.29973,28.982046
"001","6am",40.19755,26.949162,26.54295,6.310339
"002","6am",39.911513,20.226933,26.93938,12.92217
"003","6am",27.795638,18.801184,39.90469,13.498484
"004","6am",18.225389,16.592856,46.18554,18.996219
"005","6am",29.370093,20.91928,32.07997,17.630658
"006","6am",39.690748,18.993253,27.62284,13.693161
"007","6am",23.569064,18.731787,41.63626,16.062888
"008","6am",11.319205,16.028456,45.19499,27.457353
"009","6am",16.718347,29.053284,35.06135,19.167019
"010","6am",14.2389,22.769284,42.32318,20.668632
"011","6am",13.656057,21.75529,45.06869,19.519966
"012","6am",14.030016,16.254308,40.01527,29.700406
"013","6am",17.132942,19.484125,49.54944,13.833493
"014","6am",14.863993,19.62216,45.05027,20.463574
"015","6am",16.196191,16.311443,44.96408,22.528289
"016","6am",10.56224,15.113525,55.57693,18.747307
"017","6am",19.249625,15.385744,42.48013,22.884501
"018","6am",26.357364,24.340683,35.19345,14.108506
"019","6am",17.936883,18.255407,46.73698,17.07073
"020","6am",22.337918,19.220595,44.33194,14.109548
"021","6am",24.419901,28.792538,32.71332,14.074237
"022","6am",54.027834,20.666028,19.22078,6.085356
"023","6am",23.321146,26.279054,43.77202,6.627784
"024","6am",15.923437,17.47037,52.86695,13.739245
"025","6am",51.174991,19.351566,22.88121,6.592234
"026","6am",25.668988,21.256953,38.02645,15.047613
"027","6am",14.056736,23.218282,45.41905,17.305936
"028","6am",27.951048,30.49907,30.82382,10.726063
"029","6am",14.978489,17.293787,46.95598,20.771746
"030","6am",13.468021,5.565413,54.17111,26.79546
"031","6am",13.757504,9.522044,51.00115,25.719299
"032","6am",8.939989,17.913932,56.70925,16.436829
"033","6am",13.508261,15.372053,50.15232,20.967366
"034","6am",7.52853,11.65803,55.85017,24.963266
"035","6am",12.459113,15.277259,50.97023,21.293401
"036","6am",10.890791,11.224133,51.73966,26.145415
"037","6am",9.048187,15.452305,56.00993,19.489577
"038","6am",12.008488,11.976573,51.82086,24.194081
"039","6am",16.519082,21.107454,46.0094,16.364065
"040","6am",17.32123,9.561134,52.62236,20.495277
"041","6am",14.207237,14.379919,49.53464,21.878204
"042","6am",14.927335,13.758263,54.09103,17.223371
"043","6am",9.58141,12.402975,52.92314,25.092479
"044","6am",7.922477,10.960396,48.78395,32.333179
"045","6am",13.924832,8.97235,58.64673,18.456092
"046","6am",12.51897,11.131734,55.82468,20.524614
"047","6am",11.008878,10.463298,57.55108,20.976742
"048","6am",12.138308,14.824989,55.03316,18.003545
"049","6am",7.872537,11.930488,61.88272,18.314258
"050","6am",6.83153,17.120146,59.47262,16.575702
"051","6am",12.101674,7.442483,57.2404,23.215443
"052","6am",9.525385,10.054714,61.7294,18.690502
"053","6am",7.223138,13.469857,61.17019,18.136812
"054","6am",12.848255,14.972016,54.23616,17.943567
"055","6am",10.583066,9.096974,62.46273,17.857225
"056","6am",5.072199,8.83116,48.46116,37.635482
"057","6am",13.146518,9.188871,58.05343,19.611182
"058","6am",12.306574,9.398814,57.33814,20.956471
"059","6am",11.262748,14.919479,47.02663,26.79114
"060","6am",10.248156,14.793649,55.43902,19.519174
"061","6am",12.272065,19.343694,50.38881,17.995433
"062","6am",8.580106,11.428067,62.31448,17.677352
"063","6am",10.635695,11.139929,63.29913,14.925242
"064","6am",9.137931,10.495092,57.68618,22.680797
"065","6am",9.963325,16.829892,51.80753,21.399255
"066","6am",13.720999,8.955071,54.29847,23.025462
"067","6am",8.50147,15.039464,55.27346,21.185605
"068","6am",10.810647,5.593698,56.36093,27.234724
"069","6am",3.642864,7.587412,69.60039,19.16933
"070","6am",10.18671,13.986646,54.48785,21.338793
"071","6am",4.58295,18.995914,52.01668,24.404451
"072","6am",10.610422,11.435238,54.34417,23.610166
"073","6am",8.220192,12.987769,47.09876,31.693278
"074","6am",3.273864,16.466453,44.84684,35.41284
"075","6am",15.906913,14.033804,44.09362,25.965658
"076","6am",9.268964,8.299994,50.26461,32.166429
"077","6am",7.950888,16.074277,49.59478,26.380057
"078","6am",9.372749,11.11947,54.09203,25.415754
"079","6am",9.621884,12.793414,53.27968,24.305025
"080","6am",8.93456,6.010993,54.30525,30.7492
"001","7am",44.550552,21.935809,27.87873,5.634907
"002","7am",35.704994,24.755569,26.06571,13.47373
"003","7am",28.099336,19.745127,39.3904,12.765133
"004","7am",15.352009,17.821701,47.44535,19.380938
"005","7am",34.209385,13.742178,34.7225,17.32594
"006","7am",39.235198,18.92511,27.62243,14.217265
"007","7am",17.888811,19.490136,45.17884,17.442209
"008","7am",10.590829,15.627886,42.71787,31.063419
"009","7am",30.649676,19.765447,34.69483,14.89005
"010","7am",9.849913,23.480167,44.18349,22.48643
"011","7am",11.123289,21.333262,48.82235,18.721096
"012","7am",10.023943,16.138036,40.35107,33.48695
"013","7am",17.854618,17.874093,49.60122,14.670069
"014","7am",9.791671,17.855715,45.58203,26.770585
"015","7am",14.730114,16.448279,41.3333,27.488312
"016","7am",7.679335,18.451851,51.96881,21.900001
"017","7am",29.367605,11.064294,38.41055,21.157555
"018","7am",20.171392,26.4571,38.39877,14.972741
"019","7am",25.276168,15.910211,43.29899,15.514627
"020","7am",10.809545,20.53411,53.33181,15.324536
"021","7am",21.928368,29.206204,32.48697,16.378459
"022","7am",46.489271,22.023711,25.01045,6.476569
"023","7am",28.618081,22.811594,42.33439,6.235935
"024","7am",15.103103,18.304856,53.21213,13.37991
"025","7am",65.495795,12.565144,18.07542,3.863644
"026","7am",20.783037,25.927378,35.28773,18.001856
"027","7am",13.299873,18.887655,52.89204,14.920429
"028","7am",23.386441,27.649388,39.2312,9.732971
"029","7am",12.303143,16.29952,52.64795,18.749391
"030","7am",11.996284,6.780137,54.26275,26.960832
"031","7am",11.934914,10.053441,47.40611,30.605535
"032","7am",5.516023,19.71104,60.24513,14.527811
"033","7am",17.272606,14.350956,46.93333,21.443111
"034","7am",6.340891,13.264918,57.51065,22.883537
"035","7am",9.258671,16.371781,54.48856,19.880991
"036","7am",12.0984,10.068756,49.23008,28.602765
"037","7am",7.085846,18.263075,53.84794,20.803139
"038","7am",12.025997,13.603286,43.98422,30.386498
"039","7am",17.428735,17.671278,47.17191,17.72808
"040","7am",16.577081,11.919639,49.67295,21.830327
"041","7am",11.477483,13.232285,51.21082,24.079414
"042","7am",14.253171,16.204618,48.75917,20.783041
"043","7am",6.275551,15.21506,52.60862,25.900769
"044","7am",8.878536,11.082838,43.67915,36.359477
"045","7am",10.786208,12.301929,55.88768,21.024185
"046","7am",6.153126,11.458423,56.94536,25.443091
"047","7am",8.505045,10.488051,59.32459,21.682318
"048","7am",12.038161,16.417325,52.10076,19.44375
"049","7am",4.371202,15.059852,58.96608,21.602869
"050","7am",7.461425,17.076931,57.17185,18.289799
"051","7am",7.47556,12.136546,52.81724,27.570656
"052","7am",7.604731,12.183404,56.3775,23.834361
"053","7am",3.925738,12.796517,58.26592,25.011828
"054","7am",5.588966,16.974419,55.70832,21.728297
"055","7am",8.596998,9.358138,62.18714,19.857727
"056","7am",4.553259,7.807936,48.39247,39.246335
"057","7am",11.706834,8.982856,56.14207,23.168238
"058","7am",11.625777,8.720327,55.24593,24.407962
"059","7am",8.342024,16.044388,49.06602,26.547567
"060","7am",21.542832,13.207607,48.3076,16.941966
"061","7am",8.528319,21.060735,49.24684,21.164106
"062","7am",8.018924,11.761397,59.38589,20.833791
"063","7am",7.915609,11.619814,63.05984,17.404742
"064","7am",5.180001,10.513304,57.73313,26.573569
"065","7am",6.46133,18.140083,53.10786,22.290723
"066","7am",10.731415,8.514912,53.34533,27.408347
"067","7am",5.424789,12.52885,57.14199,24.90437
"068","7am",8.215527,5.935147,56.95215,28.897176
"069","7am",3.061401,5.014364,71.39134,20.532898
"070","7am",12.041714,14.826098,49.79759,23.334595
"071","7am",3.909595,18.200977,52.21067,25.678753
"072","7am",8.343015,10.932823,53.63093,27.093234
"073","7am",6.980957,13.060702,47.82029,32.138051
"074","7am",5.408845,15.790634,43.56142,35.239097
"075","7am",18.136741,12.379681,45.58343,23.900144
"076","7am",8.407878,7.384014,52.33973,31.868382
"077","7am",7.251358,15.655598,46.69756,30.395485
"078","7am",12.807739,12.284476,49.67694,25.230848
"079","7am",11.517992,11.949534,52.44885,24.083624
"080","7am",8.4228,4.745942,52.72484,34.106414
"001","8am",41.843346,18.212969,35.91746,4.026225
"002","8am",31.198503,23.674408,33.19485,11.932238
"003","8am",22.784145,18.087399,45.27435,13.854108
"004","8am",14.328678,19.059819,46.52376,20.08774
"005","8am",36.498815,10.492207,34.66103,18.347951
"006","8am",41.45522,18.993512,24.33527,15.215997
"007","8am",20.556631,11.12484,48.29413,20.024395
"008","8am",9.16666,16.373915,38.66421,35.795215
"009","8am",30.36673,13.717311,42.9137,13.002258
"010","8am",9.068478,22.136846,48.44597,20.348702
"011","8am",12.599544,21.984421,48.76815,16.647886
"012","8am",9.251319,13.518683,41.42974,35.800256
"013","8am",16.41585,19.360606,51.5693,12.654239
"014","8am",11.626901,20.954165,39.38047,28.038466
"015","8am",16.515262,15.752991,40.13926,27.592488
"016","8am",10.216682,17.56647,51.60725,20.609602
"017","8am",28.705392,11.510965,41.86392,17.919727
"018","8am",16.437099,24.839911,45.25863,13.464355
"019","8am",21.894347,17.449087,47.18029,13.476278
"020","8am",10.409366,20.121821,53.54581,15.923004
"021","8am",20.387784,24.005314,33.65953,21.947376
"022","8am",40.884055,19.542436,32.74171,6.8318
"023","8am",27.363393,21.413822,47.24863,3.974151
"024","8am",13.812943,19.421027,52.53679,14.229239
"025","8am",59.69527,16.228187,21.37755,2.698997
"026","8am",19.986961,21.364704,38.12265,20.525687
"027","8am",13.924887,20.790646,55.91958,9.364887
"028","8am",25.177581,24.765322,42.63073,7.426371
"029","8am",11.815973,15.83706,54.76537,17.581597
"030","8am",22.662332,8.068212,42.85787,26.411587
"031","8am",10.766523,12.939609,42.65001,33.643857
"032","8am",5.469738,18.229875,62.67468,13.625711
"033","8am",22.785817,9.381243,45.11761,22.715331
"034","8am",5.117698,17.304061,61.01715,16.561091
"035","8am",5.508436,18.581555,53.59777,22.312242
"036","8am",8.726136,11.277235,44.80029,35.196343
"037","8am",6.805408,15.598098,54.27947,23.317028
"038","8am",8.230255,16.688835,44.08323,30.997678
"039","8am",12.508485,14.552259,49.0622,23.877057
"040","8am",18.480926,13.86601,48.30813,19.344934
"041","8am",10.836214,14.021907,51.95204,23.18984
"042","8am",15.73993,17.463836,46.20204,20.594195
"043","8am",6.637978,17.023162,50.92106,25.417796
"044","8am",11.309111,9.395167,47.7664,31.529319
"045","8am",12.219358,14.098504,49.09253,24.589608
"046","8am",7.2514,11.830274,52.992,27.926331
"047","8am",7.255198,13.259734,57.38282,22.10225
"048","8am",10.646568,17.501862,48.83506,23.016506
"049","8am",1.03544,15.479596,57.90652,25.578443
"050","8am",11.109201,16.955119,50.45466,21.481016
"051","8am",7.671909,10.394201,49.43155,32.502341
"052","8am",11.174969,10.591737,51.95311,26.280182
"053","8am",2.459709,9.398929,59.97171,28.169648
"054","8am",9.277745,16.566306,50.51464,23.641305
"055","8am",8.374656,9.336089,58.24124,24.048016
"056","8am",5.233275,7.928163,48.03572,38.802841
"057","8am",11.851766,10.296426,52.7675,25.084308
"058","8am",10.574988,6.572165,56.25,26.602846
"059","8am",8.109625,12.2176,51.49865,28.174129
"060","8am",22.739577,16.020276,44.26459,16.975552
"061","8am",8.877736,22.581168,44.24161,24.299482
"062","8am",4.301609,12.256241,58.24838,25.193769
"063","8am",5.305408,11.359658,62.63227,20.702666
"064","8am",4.190785,11.19403,51.42093,33.19426
"065","8am",9.261228,14.980251,51.06749,24.691033
"066","8am",9.639859,11.585388,49.15806,29.616692
"067","8am",3.740083,13.111202,54.02555,29.12316
"068","8am",8.813625,7.515288,55.26144,28.409646
"069","8am",1.946111,6.4709,70.58064,21.002353
"070","8am",12.097064,13.670489,47.95767,26.274782
"071","8am",3.961264,17.270319,54.13879,24.629628
"072","8am",9.536022,14.811545,49.4932,26.159228
"073","8am",6.347279,11.696183,49.04858,32.907963
"074","8am",5.833608,14.443237,47.28562,32.437534
"075","8am",17.963626,12.295676,45.26205,24.478644
"076","8am",8.204698,5.060205,53.52105,33.214045
"077","8am",8.495508,12.603578,46.21604,32.684876
"078","8am",13.030369,13.658976,50.47426,22.836391
"079","8am",13.494485,12.47703,50.37568,23.652802
"080","8am",7.361901,4.621124,47.48754,40.529432
"001","9am",40.683362,19.071031,34.39723,5.848378
"002","9am",25.242176,24.382431,37.13847,13.236925
"003","9am",23.583057,16.11411,42.16102,18.141814
"004","9am",14.04081,18.863976,46.67835,20.416867
"005","9am",36.774756,7.536845,43.85745,11.830949
"006","9am",39.346068,19.876288,25.64405,15.133593
"007","9am",19.764387,11.66618,47.32091,21.248521
"008","9am",8.255775,14.546186,40.24793,36.950113
"009","9am",29.387583,14.973455,42.23498,13.403982
"010","9am",9.764204,16.662607,54.54784,19.025349
"011","9am",11.300734,20.239301,51.70101,16.758951
"012","9am",9.749831,14.48654,39.03888,36.724754
"013","9am",12.144482,21.832651,54.49672,11.526149
"014","9am",9.930948,22.126121,41.73052,26.212406
"015","9am",19.200016,13.688233,34.13321,32.97854
"016","9am",12.010791,19.884419,48.38691,19.717879
"017","9am",28.419192,11.511179,42.12495,17.944683
"018","9am",14.963431,24.186838,47.81196,13.037768
"019","9am",23.278036,18.760373,47.32565,10.635936
"020","9am",6.073581,19.166295,58.89651,15.86361
"021","9am",16.859582,23.111784,37.49443,22.5342
"022","9am",36.670842,18.806795,38.04261,6.479753
"023","9am",27.422784,22.554488,46.84208,3.180646
"024","9am",15.25503,16.667649,50.77657,17.300752
"025","9am",61.804693,16.96733,19.11026,2.117714
"026","9am",12.802097,21.763627,45.45063,19.983648
"027","9am",11.55793,21.835961,59.81315,6.792957
"028","9am",23.21453,22.848039,46.92537,7.012056
"029","9am",10.617085,15.699163,55.9828,17.700955
"030","9am",24.957563,9.184015,40.2649,25.59352
"031","9am",12.643473,13.764374,41.4055,32.186654
"032","9am",4.880213,20.173725,61.43397,13.512095
"033","9am",20.388906,12.015393,47.10825,20.487447
"034","9am",5.202139,18.587967,56.3117,19.898193
"035","9am",7.16124,14.154641,55.85171,22.832405
"036","9am",5.025866,12.991293,46.9772,35.005641
"037","9am",5.575129,18.164562,53.47482,22.785489
"038","9am",6.795114,13.850521,45.6657,33.688665
"039","9am",13.127441,13.461411,49.93908,23.472068
"040","9am",17.724067,11.937029,50.59816,19.740742
"041","9am",9.633322,13.564933,53.70811,23.093636
"042","9am",16.019609,18.787088,37.29987,27.893428
"043","9am",6.683538,16.106092,49.14873,28.061636
"044","9am",10.065222,9.774378,42.46442,37.695982
"045","9am",11.659119,14.202502,47.27393,26.864444
"046","9am",7.871729,10.944079,52.23016,28.954027
"047","9am",8.211435,14.800395,55.19488,21.793291
"048","9am",6.127548,19.621114,46.15924,28.092096
"049","9am",1.131245,17.297329,54.3493,27.222121
"050","9am",10.563994,21.712536,46.35856,21.364908
"051","9am",8.255933,9.58146,49.91498,32.247631
"052","9am",11.146827,12.581861,52.41392,23.857388
"053","9am",5.684855,10.861357,55.43101,28.022779
"054","9am",9.087212,15.916605,51.98816,23.008025
"055","9am",4.096812,11.127879,55.81394,28.961367
"056","9am",6.698372,6.465561,51.00334,35.832729
"057","9am",9.498895,11.766319,52.95813,25.776658
"058","9am",10.693664,8.386658,54.58421,26.335464
"059","9am",7.635674,11.902363,51.41809,29.043868
"060","9am",23.139295,12.422447,46.97466,17.463597
"061","9am",9.458125,22.097205,44.61367,23.830997
"062","9am",4.728977,12.05331,58.00724,25.210471
"063","9am",6.266723,11.409019,59.55447,22.769791
"064","9am",3.124101,8.516463,55.27757,33.081868
"065","9am",9.26827,14.911634,49.75718,26.062913
"066","9am",10.076134,10.712427,49.51282,29.698623
"067","9am",4.483881,12.426224,56.17035,26.919541
"068","9am",8.974319,9.387275,53.39438,28.244025
"069","9am",2.346575,6.321154,69.64941,21.68286
"070","9am",12.048231,14.251913,48.55081,25.149047
"071","9am",4.193062,18.280911,51.13059,26.395438
"072","9am",9.191024,16.371924,48.74047,25.696585
"073","9am",6.006159,12.215036,49.77423,32.004573
"074","9am",6.457228,15.552326,47.20493,30.785515
"075","9am",16.868794,12.485312,47.33257,23.313326
"076","9am",8.465169,5.22085,53.12128,33.192703
"077","9am",8.995444,10.366002,46.11618,34.522375
"078","9am",12.824185,13.340789,52.34576,21.489268
"079","9am",13.981698,13.665662,49.89341,22.459229
"080","9am",6.308118,5.752214,49.76193,38.177738
"001","10am",39.797751,18.32681,33.65879,8.216653
"002","10am",22.021021,21.972158,40.41454,15.592282
"003","10am",22.089735,17.046905,45.17591,15.687454
"004","10am",12.786734,15.82648,50.74867,20.638118
"005","10am",39.748053,11.87359,36.7306,11.647757
"006","10am",35.635929,21.79029,28.04066,14.533123
"007","10am",20.22029,7.676148,46.49611,25.607452
"008","10am",6.85373,14.675437,36.3819,42.088935
"009","10am",28.52325,16.434488,42.1602,12.882057
"010","10am",7.743457,16.239544,55.10042,20.916575
"011","10am",11.037311,21.44665,51.05604,16.459997
"012","10am",9.685969,16.703398,38.33995,35.270678
"013","10am",12.048384,18.567353,57.3378,12.046461
"014","10am",10.799079,23.857431,38.88073,26.462759
"015","10am",18.268291,10.722536,37.79381,33.21536
"016","10am",12.314987,17.278946,50.17192,20.234145
"017","10am",26.175055,11.874524,43.28531,18.665113
"018","10am",17.405078,22.626883,46.0742,13.893841
"019","10am",22.398045,16.18674,49.79585,11.619366
"020","10am",10.080371,22.476348,54.67428,12.768997
"021","10am",17.411193,23.672663,39.29578,19.620359
"022","10am",34.710389,16.592058,41.5635,7.134048
"023","10am",25.02212,24.555059,46.76148,3.661345
"024","10am",16.848848,16.735209,51.81338,14.602568
"025","10am",64.96404,15.179635,17.90991,1.946411
"026","10am",7.835792,21.593576,51.25012,19.320516
"027","10am",11.71722,21.713691,60.93114,5.637944
"028","10am",23.024093,22.619976,46.24613,8.109796
"029","10am",11.744171,19.608866,53.28434,15.362627
"030","10am",24.778887,5.831069,42.74486,26.645186
"031","10am",10.609476,16.07968,42.05203,31.25881
"032","10am",5.696353,16.799636,60.41617,17.087842
"033","10am",19.842886,14.535471,46.03379,19.587849
"034","10am",4.281255,18.591748,56.07595,21.051051
"035","10am",8.837165,14.042061,54.19318,22.927598
"036","10am",4.152141,14.49837,45.04843,36.30106
"037","10am",6.461931,19.449062,53.23973,20.84928
"038","10am",8.502267,12.225239,43.35318,35.919317
"039","10am",13.358127,12.584813,53.28059,20.776467
"040","10am",16.651695,12.032575,50.21967,21.096061
"041","10am",9.482312,12.055372,56.43782,22.024495
"042","10am",16.34199,18.183586,39.20744,26.26698
"043","10am",6.872225,16.391167,49.09659,27.640021
"044","10am",9.000746,9.790467,45.74482,35.463967
"045","10am",13.214136,14.307747,46.69145,25.786664
"046","10am",8.003522,12.074038,52.29122,27.631217
"047","10am",7.425351,15.319663,53.10038,24.154608
"048","10am",4.778328,19.693732,47.22212,28.305822
"049","10am",2.704611,17.798664,52.22956,27.267162
"050","10am",9.472218,22.142247,48.57689,19.808648
"051","10am",6.916994,11.620295,46.64814,34.814577
"052","10am",11.801784,13.321136,51.014,23.863077
"053","10am",5.886069,13.061158,55.87084,25.181932
"054","10am",8.275464,19.118796,49.75281,22.85293
"055","10am",4.293967,13.670932,56.75788,25.277223
"056","10am",8.080524,5.812126,50.79732,35.310033
"057","10am",8.229621,11.756601,55.10363,24.91015
"058","10am",9.840505,10.130018,53.4665,26.562982
"059","10am",8.076393,10.196099,51.84326,29.884245
"060","10am",22.399836,9.925893,49.50816,18.166106
"061","10am",9.152285,22.080298,45.39346,23.373959
"062","10am",4.778544,12.179645,57.78094,25.260875
"063","10am",6.3622,11.582842,58.17562,23.87934
"064","10am",4.004959,8.846536,53.73218,33.416329
"065","10am",10.49208,13.906176,50.313,25.28874
"066","10am",9.502423,12.577333,49.22662,28.69362
"067","10am",4.546572,10.23219,55.5099,29.711341
"068","10am",7.856125,9.279892,53.44897,29.415016
"069","10am",2.209254,7.195762,72.51837,18.076616
"070","10am",12.136233,16.216719,48.32572,23.321324
"071","10am",4.213354,19.005544,50.31036,26.470743
"072","10am",9.555467,14.60002,48.60285,27.241658
"073","10am",6.744372,11.827913,50.36396,31.063753
"074","10am",6.367586,15.336422,47.01369,31.282307
"075","10am",16.867512,13.034207,45.34702,24.751264
"076","10am",8.757909,6.60919,52.56105,32.071851
"077","10am",9.216122,11.470055,43.50809,35.805738
"078","10am",11.705833,14.570261,51.97052,21.75339
"079","10am",14.481949,12.595553,49.90869,23.013806
"080","10am",6.085231,5.548969,51.97909,36.386706
"001","11am",40.235874,18.262169,35.12145,6.380511
"002","11am",25.499659,24.927914,38.26941,11.303021
"003","11am",21.567858,16.186796,47.61511,14.630238
"004","11am",14.245129,15.233857,48.32,22.201016
"005","11am",36.18196,10.77235,35.98669,17.058999
"006","11am",34.189031,21.967235,29.04652,14.797212
"007","11am",18.908154,7.077996,48.19035,25.823504
"008","11am",7.529362,15.939788,35.85266,40.67819
"009","11am",28.603356,16.082163,41.6067,13.707778
"010","11am",7.091346,19.568067,51.70908,21.631505
"011","11am",12.047207,21.771627,48.17019,18.010973
"012","11am",11.294701,16.070867,37.33548,35.298953
"013","11am",10.894714,20.545915,55.93339,12.625986
"014","11am",10.505891,23.14075,40.53251,25.82085
"015","11am",17.933332,12.059859,40.82433,29.182477
"016","11am",10.963099,15.56409,50.081,23.391812
"017","11am",27.724755,12.538097,42.68409,17.05306
"018","11am",16.43469,22.746426,46.6654,14.153488
"019","11am",25.019193,17.632038,48.24253,9.106238
"020","11am",10.178528,17.796235,55.97652,16.048719
"021","11am",19.51204,21.018435,38.8221,20.647421
"022","11am",37.809373,14.343497,39.52705,8.320083
"023","11am",24.932593,22.55237,47.64112,4.873916
"024","11am",17.440202,16.911361,49.97877,15.669667
"025","11am",61.349175,16.715575,20.2126,1.722649
"026","11am",10.028047,20.372404,52.11983,17.479714
"027","11am",12.016913,22.451556,58.30561,7.225924
"028","11am",23.04289,23.340809,44.8705,8.745796
"029","11am",10.277671,17.211957,56.4656,16.044771
"030","11am",27.038749,10.134065,37.31428,25.512908
"031","11am",9.776263,13.614661,46.05085,30.558222
"032","11am",6.25268,17.672008,60.7844,15.290907
"033","11am",19.715154,13.397127,44.79996,22.087756
"034","11am",4.590278,22.577384,52.9622,19.870139
"035","11am",9.620082,14.309428,57.77059,18.299902
"036","11am",4.169089,13.306291,48.54947,33.975146
"037","11am",6.238934,19.512286,52.11346,22.13532
"038","11am",9.717597,12.45767,42.04534,35.779392
"039","11am",11.228162,15.402733,54.86311,18.505995
"040","11am",16.402379,12.200655,49.95639,21.44058
"041","11am",9.317834,11.809672,58.08256,20.789939
"042","11am",16.019896,13.980009,41.57245,28.427648
"043","11am",7.821288,16.790578,50.17416,25.213973
"044","11am",10.163376,14.002618,44.82867,31.005337
"045","11am",10.867518,15.933551,46.20259,26.996337
"046","11am",10.067566,11.627844,50.0823,28.222287
"047","11am",8.5455,17.248342,54.91382,19.292339
"048","11am",5.720217,20.898207,46.55641,26.825169
"049","11am",1.152418,17.621068,55.0747,26.151818
"050","11am",10.653956,17.963156,52.33144,19.051446
"051","11am",8.419229,11.003082,48.48357,32.094115
"052","11am",12.103987,13.662245,48.40106,25.832711
"053","11am",5.710258,13.196406,56.86841,24.224931
"054","11am",8.157198,16.461578,52.51393,22.867293
"055","11am",5.859998,9.400795,59.71086,25.028348
"056","11am",8.128072,7.796042,47.68471,36.391177
"057","11am",6.055338,16.212945,56.23224,21.499479
"058","11am",10.459473,9.306203,53.26546,26.968859
"059","11am",7.719258,11.146381,52.92654,28.207822
"060","11am",24.183811,11.235784,45.85702,18.72339
"061","11am",8.443257,23.108869,45.33762,23.110258
"062","11am",4.433601,14.253959,55.74885,25.563587
"063","11am",5.786209,10.534208,60.32943,23.350151
"064","11am",3.877457,10.663789,50.15474,35.304016
"065","11am",10.910537,14.460798,48.12401,26.504653
"066","11am",8.098326,13.255765,50.091,28.554912
"067","11am",4.821728,8.324232,58.21736,28.636679
"068","11am",7.732704,9.134103,54.32058,28.812612
"069","11am",3.411041,6.153668,71.23354,19.201749
"070","11am",11.8506,14.940179,48.18235,25.026875
"071","11am",3.724589,20.403433,50.41362,25.458357
"072","11am",9.55839,15.691511,48.00366,26.746437
"073","11am",8.982485,10.612785,47.56526,32.839467
"074","11am",5.320444,17.574956,45.18911,31.915489
"075","11am",17.244047,12.668001,46.82355,23.264401
"076","11am",8.937992,6.745091,52.11433,32.202583
"077","11am",8.53085,10.617189,44.54523,36.306732
"078","11am",13.062376,13.655526,53.76137,19.520729
"079","11am",14.563151,11.081995,50.31433,24.040521
"080","11am",6.20497,4.382351,52.30999,37.102686
"001","12am",41.3771734,19.195539,34.98249,4.444794
"002","12am",31.0365492,21.303324,37.54543,10.1147
"003","12am",24.6665051,17.250727,44.56187,13.520899
"004","12am",13.4561599,15.046918,50.37925,21.117668
"005","12am",30.4132757,12.974507,37.92506,18.687162
"006","12am",36.4254742,17.983218,30.16276,15.428549
"007","12am",21.1712782,10.057369,45.89692,22.874429
"008","12am",7.6309177,13.981489,42.71604,35.671556
"009","12am",25.7362399,16.410039,43.54325,14.310475
"010","12am",7.4277878,18.247177,50.6606,23.66444
"011","12am",13.5303978,19.6592,48.7134,18.097
"012","12am",10.9567601,16.945761,38.73079,33.366688
"013","12am",12.3621556,15.871726,57.61218,14.153936
"014","12am",7.2490747,23.641039,42.54813,26.561758
"015","12am",15.8290979,13.979515,40.42089,29.770499
"016","12am",8.633496,14.687128,56.06018,20.619197
"017","12am",28.3626954,10.50985,43.56402,17.563434
"018","12am",14.3606072,20.619362,49.43017,15.58986
"019","12am",22.2087676,18.413594,47.88107,11.496567
"020","12am",20.8339066,17.795764,45.25505,16.115283
"021","12am",19.9666573,24.860895,32.31139,22.861062
"022","12am",38.1091671,16.776609,36.88074,8.233484
"023","12am",24.6871169,22.468343,47.51972,5.32482
"024","12am",15.9337224,16.994569,52.92315,14.14856
"025","12am",61.1830849,17.133392,19.45925,2.224274
"026","12am",12.4557236,20.504139,50.06768,16.97246
"027","12am",12.5663941,21.307373,57.1472,8.979033
"028","12am",27.1422072,24.049782,41.2633,7.544708
"029","12am",10.8149321,20.8464,50.0629,18.275764
"030","12am",24.3628119,8.468472,42.66417,24.504543
"031","12am",11.6952809,11.838854,48.43043,28.035438
"032","12am",6.9425886,19.767233,58.30484,14.985335
"033","12am",18.4166905,14.928218,46.12912,20.525975
"034","12am",4.515847,27.723265,47.07663,20.684259
"035","12am",11.2996596,16.558563,51.5188,20.622979
"036","12am",1.6952718,14.08591,52.37675,31.842067
"037","12am",4.8297836,18.16573,55.35848,21.646007
"038","12am",11.0672455,13.397604,45.2832,30.251948
"039","12am",13.6365117,12.827898,52.42252,21.113066
"040","12am",15.1859877,13.30124,51.84581,19.666961
"041","12am",12.6710007,13.799005,52.51981,21.010181
"042","12am",17.9384062,15.571574,43.01568,23.474336
"043","12am",7.7831904,16.140262,53.93204,22.144512
"044","12am",11.268895,12.913086,45.38043,30.437584
"045","12am",9.4531697,12.59262,49.69695,28.257263
"046","12am",9.4941068,8.540689,55.35049,26.614715
"047","12am",9.0196401,19.590957,49.34204,22.047363
"048","12am",6.3117549,23.393235,47.26205,23.032956
"049","12am",0.9992941,16.537382,60.98274,21.480583
"050","12am",10.4371919,18.472084,51.65449,19.436236
"051","12am",9.9393749,12.931983,46.80876,30.319878
"052","12am",8.2405541,13.107276,54.38961,24.262561
"053","12am",5.2873081,10.423649,58.13622,26.15282
"054","12am",8.6541525,18.229832,51.24948,21.866537
"055","12am",6.5535392,8.319041,59.18773,25.939685
"056","12am",6.7179525,7.032266,48.40437,37.845408
"057","12am",7.8938916,13.568133,53.91884,24.619138
"058","12am",9.3301761,9.018121,53.13369,28.518017
"059","12am",6.9969642,11.052386,51.61556,30.335085
"060","12am",22.4347882,11.978921,47.67207,17.914219
"061","12am",8.3737531,23.587324,45.78844,22.250486
"062","12am",7.1665556,11.596583,55.2718,25.965061
"063","12am",5.8311463,10.629658,60.92189,22.617306
"064","12am",3.6149903,13.255938,49.89209,33.236979
"065","12am",10.5758541,14.01721,49.06281,26.344129
"066","12am",8.6669724,14.009996,50.5373,26.785731
"067","12am",4.4762116,14.420853,54.31073,26.792203
"068","12am",5.1243719,8.834697,57.39372,28.647212
"069","12am",3.4441052,4.622901,69.48119,22.451808
"070","12am",11.5167053,14.709916,49.47251,24.300864
"071","12am",3.6734416,19.169815,52.04799,25.10875
"072","12am",9.1325921,14.16455,51.78199,24.920871
"073","12am",8.9983434,11.796587,47.36844,31.836632
"074","12am",3.9522521,16.627046,48.46867,30.952029
"075","12am",18.8303893,12.057171,41.94378,27.168662
"076","12am",12.6480924,6.178582,50.11061,31.062715
"077","12am",8.1086855,10.091779,46.11822,35.681315
"078","12am",12.581142,14.187061,51.43088,21.800913
"079","12am",13.6988353,10.759617,52.20037,23.341177
"080","12am",7.900933,4.093056,52.59329,35.412722
"001","1pm",39.938325,20.171689,35.11383,4.776153
"002","1pm",23.345671,23.127771,40.39279,13.133771
"003","1pm",21.837355,15.132189,49.96494,13.065516
"004","1pm",15.748759,15.399157,46.7592,22.092888
"005","1pm",34.402833,12.764933,37.63349,15.19874
"006","1pm",36.4463,20.906894,27.48319,15.163617
"007","1pm",25.592841,9.115995,41.40169,23.88947
"008","1pm",7.488617,12.644626,47.50271,32.364044
"009","1pm",27.670331,17.388748,41.60549,13.335433
"010","1pm",5.731366,20.199888,47.91749,26.151252
"011","1pm",14.688231,23.361702,44.71775,17.232315
"012","1pm",12.696598,14.496034,40.54335,32.264017
"013","1pm",11.982502,18.399729,56.27702,13.340749
"014","1pm",8.174755,23.55705,42.52724,25.740956
"015","1pm",18.259181,13.911807,40.56374,27.265273
"016","1pm",9.409765,12.432876,55.47219,22.685164
"017","1pm",27.192936,11.005788,45.72687,16.074401
"018","1pm",14.100881,22.654616,48.70297,14.541533
"019","1pm",23.964708,17.335292,46.74736,11.952643
"020","1pm",13.69212,19.196726,49.34115,17.770007
"021","1pm",14.362612,26.988191,32.76963,25.879563
"022","1pm",34.844192,17.557902,39.40314,8.194767
"023","1pm",26.543853,20.686618,47.48884,5.280689
"024","1pm",13.891348,18.363098,55.08742,12.658136
"025","1pm",61.942831,15.161254,20.3522,2.543718
"026","1pm",15.301183,20.796543,47.40115,16.501121
"027","1pm",11.473098,21.817051,57.9664,8.743447
"028","1pm",31.881896,20.015882,41.05983,7.042391
"029","1pm",7.514114,17.952954,55.06369,19.469238
"030","1pm",26.386,8.148756,37.7321,27.733141
"031","1pm",6.519681,14.387368,44.29148,34.801467
"032","1pm",7.009403,17.555115,59.13345,16.30203
"033","1pm",19.515658,14.878768,43.69382,21.911755
"034","1pm",5.164535,21.245278,54.7439,18.846287
"035","1pm",10.760432,14.037104,54.66721,20.535257
"036","1pm",5.711259,12.858252,50.65967,30.770815
"037","1pm",7.96881,17.717295,50.23443,24.079468
"038","1pm",12.737892,12.069191,46.36714,28.82578
"039","1pm",13.475968,13.682802,53.14736,19.693875
"040","1pm",12.64623,12.907079,54.15237,20.294321
"041","1pm",13.404937,12.383755,52.90596,21.30535
"042","1pm",17.390321,22.557432,40.48399,19.568256
"043","1pm",11.265196,16.813408,50.68517,21.236229
"044","1pm",11.277926,9.509022,50.00858,29.204468
"045","1pm",9.076341,13.270633,51.69182,25.961206
"046","1pm",5.971103,11.435552,55.5708,27.022546
"047","1pm",8.887331,19.257463,52.03075,19.824455
"048","1pm",8.638613,24.869334,44.54571,21.946341
"049","1pm",3.01921,18.950939,56.51762,21.51223
"050","1pm",11.585801,19.911131,44.45988,24.043187
"051","1pm",10.393672,12.428671,44.44347,32.734186
"052","1pm",8.614551,13.702147,52.31959,25.363714
"053","1pm",3.434574,10.489722,57.36656,28.709144
"054","1pm",9.795567,16.59536,52.50335,21.105723
"055","1pm",6.406962,8.132976,61.03497,24.425092
"056","1pm",5.770543,6.988389,49.78475,37.456317
"057","1pm",8.957384,15.004043,54.20882,21.829756
"058","1pm",10.57411,5.417502,54.93035,29.078042
"059","1pm",10.631636,8.19757,51.94215,29.228645
"060","1pm",23.277258,15.39159,43.64684,17.684314
"061","1pm",7.054083,20.117558,48.33093,24.497433
"062","1pm",7.060102,12.936385,53.54201,26.461501
"063","1pm",4.618358,8.517478,61.75644,25.107724
"064","1pm",3.699979,13.923228,48.59282,33.783977
"065","1pm",11.391763,12.150602,50.938,25.519631
"066","1pm",8.910573,13.101182,51.34338,26.644865
"067","1pm",3.394169,13.731353,56.44968,26.424801
"068","1pm",5.631208,9.708511,56.61545,28.044826
"069","1pm",4.869292,8.513708,65.26889,21.348107
"070","1pm",11.954362,12.292462,50.00245,25.750726
"071","1pm",3.634667,22.93615,46.75751,26.67167
"072","1pm",9.233341,10.391572,53.86537,26.509721
"073","1pm",8.093602,11.581039,46.70747,33.617884
