"district","hour","occ1","occ2","occ3","occ4","occ5"
"001","4am",31.05611,46.903688,13.962099,6.944645,1.133454
"002","4am",33.79959,34.46559,12.389366,14.363927,4.9815272
"003","4am",46.80322,22.386221,9.820106,16.214623,4.7758299
"004","4am",40.81951,17.888036,9.771336,21.2999,10.221214
"005","4am",40.97731,27.555995,9.988844,17.891971,3.5858821
"006","4am",34.95663,39.28239,8.456698,13.22683,4.0774494
"007","4am",45.39017,22.728827,7.984379,18.013158,5.883465
"008","4am",42.7237,9.700352,7.917797,32.303139,7.3550091
"009","4am",45.03006,17.35919,10.308692,24.257713,3.0443414
"010","4am",53.2847,12.244404,9.535987,22.703322,2.2315889
"011","4am",51.07465,7.87573,12.710767,21.294883,7.0439749
"012","4am",41.48545,8.809639,10.658848,33.693487,5.3525777
"013","4am",54.14181,9.236615,10.753074,19.087296,6.781202
"014","4am",51.48965,11.613154,8.787037,22.835035,5.2751282
"015","4am",49.53901,9.595579,9.330636,27.212836,4.3219342
"016","4am",53.58119,11.785572,3.219048,29.200868,2.2133264
"017","4am",41.36094,17.834606,7.102714,25.153617,8.5481266
"018","4am",35.71741,18.571574,18.384108,17.649094,9.6778165
"019","4am",44.80692,10.525689,14.248186,17.566155,12.8530495
"020","4am",27.79939,14.565605,20.98332,16.911816,19.7398727
"021","4am",40.58084,25.869677,12.581484,16.476744,4.4912542
"022","4am",21.25253,65.441548,4.290289,7.717559,1.2980702
"023","4am",54.64956,22.803624,8.950007,8.302507,5.2943059
"024","4am",33.33094,9.606643,22.939164,19.47142,14.65183
"025","4am",27.89431,58.978328,4.644325,6.868631,1.6144014
"026","4am",48.53641,28.06304,4.039082,16.408806,2.9526575
"027","4am",61.63895,7.522866,6.792706,20.005569,4.039908
"028","4am",52.61086,26.603834,7.862918,12.339111,0.5832729
"029","4am",51.71116,10.122722,8.066495,26.007537,4.0920854
"030","4am",40.07948,15.235764,6.582742,31.810495,6.2915225
"031","4am",55.33534,5.511999,4.922834,27.512525,6.7173014
"032","4am",47.40648,8.266051,10.328756,25.840263,8.1584518
"033","4am",54.49927,8.771349,7.16804,26.927498,2.6338468
"034","4am",48.76411,3.335851,9.774525,30.097687,8.0278286
"035","4am",52.91072,9.679587,7.497731,29.314475,0.5974881
"036","4am",51.59073,12.699545,2.740564,27.646717,5.3224398
"037","4am",54.37678,8.641355,6.081336,23.934855,6.965674
"038","4am",53.20012,6.022895,4.076322,32.662026,4.0386321
"039","4am",52.20913,13.946464,8.807976,20.358868,4.6775607
"040","4am",43.1061,14.514786,8.985015,29.052155,4.3419394
"041","4am",52.21865,11.548455,4.408545,26.874561,4.9497866
"042","4am",52.84613,11.214155,7.609325,22.936289,5.3940976
"043","4am",50.7532,7.159437,5.318047,31.114645,5.6546719
"044","4am",45.14224,6.552364,6.840283,38.076614,3.3884961
"045","4am",55.82481,8.03765,9.387712,24.572288,2.1775395
"046","4am",49.98704,13.5658,8.304821,26.51065,1.6316929
"047","4am",58.77675,6.762127,6.838598,23.737538,3.8849905
"048","4am",49.00038,14.942322,10.61,22.747944,2.69935
"049","4am",48.49246,8.934277,11.750096,23.935038,6.8881264
"050","4am",63.7035,3.213547,9.501928,18.763382,4.8176428
"051","4am",52.50208,12.555669,0,30.287354,4.654893
"052","4am",59.64814,9.750614,1.946632,24.581104,4.0735095
"053","4am",48.33309,8.744969,8.712234,25.933493,8.2762126
"054","4am",55.53007,13.883083,3.538689,22.033421,5.0147402
"055","4am",57.13025,8.499186,6.040386,22.586388,5.7437876
"056","4am",33.51575,4.870333,7.815561,49.234318,4.5640392
"057","4am",52.29687,12.392037,3.368724,25.5641,6.378266
"058","4am",52.71701,8.787035,6.524597,27.234821,4.7365403
"059","4am",43.98399,5.87824,9.632412,31.387963,9.1173902
"060","4am",53.22188,7.496114,13.239473,20.164567,5.877966
"061","4am",52.86405,7.750356,5.792689,23.149783,10.4431213
"062","4am",57.7278,6.991147,8.552797,21.574285,5.1539683
"063","4am",62.78001,7.020329,3.791244,23.94594,2.4624737
"064","4am",54.81636,6.758442,3.031674,29.801612,5.5919114
"065","4am",53.48503,9.012054,5.050361,28.307991,4.144567
"066","4am",48.00456,7.70359,10.379994,25.14503,8.7668265
"067","4am",58.1554,4.750754,7.715929,21.816464,7.5614492
"068","4am",48.51026,5.699017,12.547245,27.298132,5.9453416
"069","4am",59.92137,5.822093,5.423931,24.852055,3.9805481
"070","4am",53.10691,5.453523,7.653037,29.201342,4.5851875
"071","4am",48.56769,4.954236,8.934224,25.591349,11.9524971
"072","4am",48.25167,5.507354,10.363882,28.44679,7.4303034
"073","4am",37.7323,6.511969,12.246167,33.415018,10.0945431
"074","4am",32.7853,2.89127,16.720979,35.111277,12.4911754
"075","4am",35.48822,7.601198,14.363496,33.071672,9.4754133
"076","4am",32.10824,4.937336,15.607516,41.495121,5.8517829
"077","4am",48.82164,1.748235,10.224327,34.036588,5.1692078
"078","4am",48.04704,6.765021,9.768508,28.465811,6.9536213
"079","4am",51.64829,8.29282,2.392527,32.643339,5.0230267
"080","4am",44.65331,7.2643,8.246881,32.854439,6.9810658
"001","5am",32.08829,46.201483,13.75307,6.840675,1.1164848
"002","5am",34.45726,34.123192,12.266284,14.221229,4.9320383
"003","5am",47.59434,22.053305,9.674066,15.973487,4.7048062
"004","5am",40.48527,17.989066,9.826523,21.420199,10.2789423
"005","5am",40.97731,27.555995,9.988844,17.891971,3.5858821
"006","5am",34.95663,39.28239,8.456698,13.22683,4.0774494
"007","5am",45.55884,22.658626,7.959718,17.957522,5.8652932
"008","5am",42.46205,9.744666,7.953968,32.45071,7.3886093
"009","5am",45.53067,18.380852,9.891456,23.275901,2.921124
"010","5am",52.26597,12.511419,9.743939,23.198416,2.2802534
"011","5am",51.5912,7.792578,12.576566,21.070051,6.9696042
"012","5am",40.57065,8.947366,10.825484,34.220239,5.436258
"013","5am",55.54568,8.953852,10.423888,18.502972,6.5736072
"014","5am",50.83558,11.769735,8.905513,23.14292,5.3462529
"015","5am",49.07621,9.683586,9.416213,27.462421,4.3615734
"016","5am",52.67325,12.016095,3.282012,29.772028,2.2566185
"017","5am",41.79602,17.702279,7.050014,24.966985,8.4847023
"018","5am",34.76838,18.845753,18.655519,17.909654,9.8206937
"019","5am",44.80692,10.525689,14.248186,17.566155,12.8530495
"020","5am",25.96846,14.934973,21.515435,17.340682,20.2404551
"021","5am",40.24053,26.017842,12.653543,16.571113,4.5169772
"022","5am",22.15609,64.690669,4.241062,7.629007,1.2831761
"023","5am",56.26609,21.99078,8.63098,8.006561,5.1055883
"024","5am",33.0556,9.646319,23.033903,19.551837,14.7123417
"025","5am",28.31221,58.636517,4.617409,6.828824,1.6050451
"026","5am",48.53641,28.06304,4.039082,16.408806,2.9526575
"027","5am",60.96232,7.655558,6.912519,20.358436,4.1111657
"028","5am",52.473,26.681228,7.885792,12.375007,0.5849698
"029","5am",52.13499,10.66992,7.861266,25.345847,3.9879736
"030","5am",40.07948,15.235764,6.582742,31.810495,6.2915225
"031","5am",54.72016,5.587917,4.990637,27.891462,6.8098206
"032","5am",47.73411,8.214557,10.264413,25.679291,8.1076286
"033","5am",54.66425,8.739545,7.14205,26.829862,2.6242967
"034","5am",49.42732,3.292671,9.648002,29.708097,7.923915
"035","5am",54.24557,9.405197,7.28519,28.483489,0.5805509
"036","5am",52.04602,12.580108,2.71479,27.386703,5.2723829
"037","5am",54.0938,8.694952,6.119055,24.08331,7.0088781
"038","5am",52.95968,6.05384,4.097266,32.829837,4.0593818
"039","5am",51.89855,14.0371,8.865218,20.491177,4.7079595
"040","5am",43.4254,14.433328,8.934591,28.889112,4.3175722
"041","5am",52.21865,11.548455,4.408545,26.874561,4.9497866
"042","5am",52.29516,11.345188,7.698237,23.20429,5.4571255
"043","5am",50.96463,7.128699,5.295215,30.981062,5.6303949
"044","5am",44.8786,6.583854,6.873157,38.259607,3.4047808
"045","5am",55.22515,8.146758,9.515146,24.905845,2.2070986
"046","5am",50.71059,13.369538,8.184672,26.12711,1.6080865
"047","5am",56.92758,7.065458,7.14536,24.802341,4.0592609
"048","5am",49.00038,14.942322,10.61,22.747944,2.69935
"049","5am",49.48197,8.762641,11.524365,23.475223,6.7557989
"050","5am",63.49527,3.231983,9.55644,18.871027,4.8452815
"051","5am",51.27008,12.881338,0,31.072948,4.7756317
"052","5am",59.38232,9.814847,1.959456,24.743035,4.1003443
"053","5am",48.33309,8.744969,8.712234,25.933493,8.2762126
"054","5am",55.02971,14.039288,3.578505,22.281329,5.0711635
"055","5am",56.27733,8.668283,6.160563,23.03576,5.8580642
"056","5am",33.24379,4.945531,7.936234,49.239936,4.6345084
"057","5am",52.88859,12.238324,3.326938,25.246999,6.299149
"058","5am",51.56216,9.001651,6.683955,27.90001,4.8522265
"059","5am",43.97498,5.879186,9.633962,31.393014,9.1188572
"060","5am",54.20944,7.337859,12.959965,19.738859,5.7538723
"061","5am",52.14999,7.867765,5.880442,23.500476,10.6013226
"062","5am",57.61664,7.009531,8.575288,21.631017,5.1675211
"063","5am",61.76324,7.21211,3.894813,24.600095,2.5297436
"064","5am",54.81636,6.758442,3.031674,29.801612,5.5919114
"065","5am",53.16575,9.073913,5.085027,28.502296,4.1730152
"066","5am",48.00456,7.70359,10.379994,25.14503,8.7668265
"067","5am",56.89403,4.893961,7.948519,22.474103,7.7893827
"068","5am",47.12316,5.852546,12.885261,28.033529,6.1055059
"069","5am",59.06019,6.02163,5.609822,25.703795,3.6045585
"070","5am",54.33768,5.310388,7.452172,28.434914,4.4648432
"071","5am",47.64108,5.043492,9.095184,26.052406,12.1678346
"072","5am",47.15732,5.623821,10.583053,29.048371,7.5874364
"073","5am",37.28022,5.323206,13.434858,33.762271,10.1994468
"074","5am",32.34038,2.968094,15.824221,36.044224,12.8230801
"075","5am",35.83293,7.560583,14.286747,32.894961,9.4247834
"076","5am",31.72364,4.965306,15.695932,41.730189,5.884933
"077","5am",48.53506,1.758024,10.281579,34.22718,5.1981534
"078","5am",47.60954,6.82199,9.850769,28.705523,7.0121781
"079","5am",51.64829,8.29282,2.392527,32.643339,5.0230267
"080","5am",43.7904,7.377559,8.375459,33.366678,7.0899087
"001","6am",33.02514,45.564129,13.563345,6.746307,1.1010828
"002","6am",33.78987,34.47065,12.391185,14.366036,4.9822585
"003","6am",48.83592,21.530821,9.444869,15.595045,4.5933405
"004","6am",39.63722,18.245401,9.966546,21.725426,10.4254119
"005","6am",40.4159,27.818099,10.083855,18.062154,3.6199898
"006","6am",33.77645,39.737886,8.694593,13.598914,4.192152
"007","6am",45.39702,22.725978,7.983378,18.010901,5.8827276
"008","6am",41.80776,9.855477,8.044416,32.819721,7.4726283
"009","6am",47.3647,17.761951,9.558401,22.49218,2.822767
"010","6am",51.95668,12.185795,9.919582,23.616586,2.3213569
"011","6am",51.38849,7.696477,12.421466,21.609917,6.8836522
"012","6am",39.80937,9.06198,10.964157,34.658595,5.5058956
"013","6am",57.5351,8.553149,9.957398,17.674927,6.2794253
"014","6am",50.1953,11.923014,9.02149,23.444314,5.4158779
"015","6am",47.5307,9.977476,9.701989,28.295887,4.4939441
"016","6am",54.28879,11.605914,3.169977,28.755733,2.1795867
"017","6am",40.4327,18.116921,7.215147,25.551789,8.6834401
"018","6am",35.56242,17.980303,18.684239,17.937226,9.8358125
"019","6am",44.34376,10.614017,14.367751,17.713563,12.9609078
"020","6am",25.66312,14.471972,22.501378,16.195553,21.1679726
"021","6am",38.56165,26.748784,13.00903,17.036659,4.6438766
"022","6am",25.06303,62.096479,4.016945,7.608182,1.2153674
"023","6am",56.61912,21.524014,8.676129,8.048444,5.1322958
"024","6am",31.50098,8.434718,24.145926,20.495754,15.4226196
"025","6am",29.75107,57.330209,4.570511,6.759466,1.5887433
"026","6am",47.54487,28.603731,4.116903,16.724954,3.0095464
"027","6am",60.45397,8.637517,6.808197,20.051192,4.0491211
"028","6am",53.75409,25.962036,7.673231,12.041439,0.5692019
"029","6am",50.87346,10.5193,8.159727,26.308129,4.1393812
"030","6am",41.32511,14.91904,6.445899,31.149213,6.1607334
"031","6am",54.52815,5.556133,4.96225,28.182382,6.7710857
"032","6am",52.14594,6.154278,9.716476,24.308474,7.6748258
"033","6am",53.56171,8.952085,7.31574,27.482348,2.688118
"034","6am",49.06184,3.316466,9.717726,29.92279,7.9811792
"035","6am",56.73058,8.894383,6.889518,26.936498,0.5490201
"036","6am",51.49019,12.02891,2.70315,28.527977,5.2497769
"037","6am",56.02831,6.22816,6.367628,24.082305,7.2935984
"038","6am",51.03287,6.301809,4.265093,34.17457,4.2256569
"039","6am",51.33165,13.39439,9.180017,21.21881,4.8751371
"040","6am",43.36944,14.447603,8.943427,28.917685,4.3218424
"041","6am",51.28894,11.77316,4.494324,27.397475,5.0460974
"042","6am",51.10544,11.628129,7.890225,23.782987,5.593222
"043","6am",51.04938,7.116378,5.286063,30.927513,5.6206631
"044","6am",42.03871,6.923059,7.227267,40.230771,3.5801977
"045","6am",53.83312,8.400038,9.810969,25.680161,2.2757167
"046","6am",50.69417,11.5964,8.59244,27.428788,1.688203
"047","6am",56.96587,6.54171,7.241695,25.136732,4.1139888
"048","6am",49.19707,11.083455,11.687613,25.058355,2.9735114
"049","6am",49.30411,7.131158,12.023738,24.492449,7.0485404
"050","6am",62.37801,3.266451,9.658356,19.800228,4.8969544
"051","6am",50.31647,12.230976,0,32.463245,4.9893079
"052","6am",61.09258,6.000615,2.119341,26.352544,4.4349196
"053","6am",49.12268,5.752284,8.703827,27.483686,8.9375241
"054","6am",55.07686,13.587643,3.625303,22.572716,5.1374823
"055","6am",56.6863,6.528838,6.464683,24.172933,6.1472508
"056","6am",33.24379,4.945531,7.936234,49.239936,4.6345084
"057","6am",52.86492,11.593453,3.390718,25.731003,6.4199082
"058","6am",52.01899,8.916754,6.620917,27.636876,4.8064636
"059","6am",39.50172,5.372688,10.092791,34.896325,10.1364784
"060","6am",52.86706,7.552973,13.339896,20.317518,5.9225512
"061","6am",48.42867,8.824114,6.287104,25.125654,11.3344581
"062","6am",56.86441,5.606284,9.097818,22.949091,5.4824012
"063","6am",61.75635,6.743436,4.060897,24.801697,2.6376177
"064","6am",54.18032,5.695746,3.133974,31.209359,5.7806045
"065","6am",52.05034,7.791898,5.407878,30.311921,4.4379619
"066","6am",44.98821,7.593309,11.112734,26.920056,9.3856904
"067","6am",57.22404,4.856495,7.887667,22.302046,7.729749
"068","6am",46.55231,5.983072,13.172635,28.658747,5.633239
"069","6am",59.87027,3.790818,5.838072,26.749618,3.751219
"070","6am",54.88196,5.148634,7.872473,27.568792,4.5281394
"071","6am",47.90244,3.286986,9.382587,26.87565,12.5523327
"072","6am",46.90413,5.650767,10.633761,29.187553,7.6237909
"073","6am",35.91017,4.358882,14.399869,35.293198,10.0378824
"074","6am",33.45838,2.89893,15.455472,35.204294,12.9829247
"075","6am",34.31792,7.607195,13.765588,33.962088,10.3472129
"076","6am",27.67985,2.569636,17.292388,45.974627,6.4834982
"077","6am",46.69632,1.820835,10.64892,35.450051,5.3838734
"078","6am",45.80012,7.057602,10.190986,29.69693,7.2543588
"079","6am",52.05325,8.325454,2.401942,32.176566,5.042793
"080","6am",40.19297,7.849725,8.911491,35.502154,7.5436648
"001","7am",32.77569,48.735955,11.49927,6.008434,0.9806526
"002","7am",36.55764,30.340949,12.922889,14.98248,5.1960465
"003","7am",49.71783,21.418905,9.199452,15.189821,4.4739865
"004","7am",42.04538,15.205446,10.425612,22.258281,10.065284
"005","7am",36.31719,32.468529,9.908716,17.748445,3.5571168
"006","7am",32.49102,40.108307,8.601647,14.651689,4.1473374
"007","7am",47.9035,16.900451,9.359015,19.725889,6.1111474
"008","7am",34.84577,8.923682,10.582192,37.182402,8.4659546
"009","7am",43.28655,29.213554,7.833783,17.473227,2.1928889
"010","7am",53.89081,8.00297,9.85053,25.726906,2.5287876
"011","7am",53.11759,5.756219,13.538042,20.771656,6.8164882
"012","7am",38.91058,3.694214,12.20542,39.060563,6.1292235
"013","7am",56.35692,8.228453,10.589014,18.147874,6.6777406
"014","7am",44.94657,5.530135,11.522378,30.583034,7.4178797
"015","7am",43.76255,7.476874,10.587005,32.679384,5.4941887
"016","7am",51.44258,7.677247,4.622637,33.702964,2.55457
"017","7am",34.46313,27.208153,7.183274,23.245699,7.8997458
"018","7am",39.30008,11.762681,19.405438,19.073123,10.4586775
"019","7am",40.04562,20.360082,12.263196,16.268679,11.0624233
"020","7am",30.8922,4.050456,23.999668,17.796817,23.2608627
"021","7am",37.61815,21.672976,15.266347,19.992848,5.4496788
"022","7am",31.50116,55.364659,3.511771,8.042428,1.5799797
"023","7am",53.81686,26.369137,7.950455,7.450746,4.4127997
"024","7am",33.42,7.337069,24.074868,20.286065,14.8819981
"025","7am",20.22451,71.095535,3.555746,4.155382,0.9688237
"026","7am",49.00351,23.228764,4.953636,19.192873,3.6212165
"027","7am",67.03812,6.34667,5.862515,17.266011,3.4866841
"028","7am",57.91015,23.208039,7.354433,10.981822,0.5455535
"029","7am",55.40904,8.436814,7.983825,24.120173,4.0501473
"030","7am",45.28531,12.598276,5.135427,31.111712,5.8692794
"031","7am",50.90712,1.711918,5.85099,33.546181,7.983789
"032","7am",59.15716,2.969718,8.990196,21.781773,7.1011531
"033","7am",48.89785,13.390039,6.848145,28.114058,2.7499072
"034","7am",54.07032,2.444156,8.873695,27.323853,7.2879757
"035","7am",62.56299,6.645227,5.485675,24.802727,0.5033763
"036","7am",47.41728,12.630976,2.960331,31.242169,5.7492479
"037","7am",55.58214,4.339758,6.761489,25.571881,7.7447335
"038","7am",41.29945,6.081637,4.579951,42.579246,5.4597115
"039","7am",46.46305,14.04517,9.849317,23.988621,5.6538443
"040","7am",41.82998,13.196443,9.129082,31.091997,4.7524983
"041","7am",49.13663,9.350677,5.050952,30.790683,5.6710623
"042","7am",44.75936,10.272096,9.520951,28.698378,6.749211
"043","7am",53.5412,3.700726,5.457868,31.932706,5.3674974
"044","7am",36.08609,6.783936,8.156879,44.932396,4.0407027
"045","7am",52.335,5.56941,11.188661,28.31165,2.5952812
"046","7am",48.17126,4.812594,10.71306,34.198229,2.1048525
"047","7am",56.07881,5.457864,7.827127,26.18963,4.446571
"048","7am",49.80136,7.834185,12.00288,27.140938,3.2206379
"049","7am",46.58167,3.496697,13.583194,28.890452,7.4479866
"050","7am",57.52382,4.335933,11.146652,21.342044,5.6515467
"051","7am",47.12109,8.313714,0,38.628366,5.9368314
"052","7am",55.12959,3.169095,2.656767,33.485018,5.5595336
"053","7am",38.09285,1.88954,10.597704,37.578156,11.8417448
"054","7am",56.67008,6.461362,3.616718,27.19018,6.0616608
"055","7am",54.03289,4.029006,8.13829,26.947085,6.8527261
"056","7am",32.43358,4.406332,7.867283,51.768375,3.524428
"057","7am",46.46398,11.163058,4.25115,30.07278,8.0490312
"058","7am",47.62176,7.860722,7.334658,31.858255,5.324605
"059","7am",42.64584,2.223536,9.987153,34.805001,10.3384668
"060","7am",45.89561,19.412922,11.842829,17.590749,5.2578942
"061","7am",43.92623,4.330875,8.652732,29.6946,13.3955598
"062","7am",50.09955,4.310446,11.345355,27.407867,6.8367805
"063","7am",58.58826,4.613901,4.743849,28.972786,3.0812058
"064","7am",53.15859,1.838699,3.770325,34.278041,6.9543506
"065","7am",54.55475,3.073656,5.782518,31.843662,4.7454098
"066","7am",38.84501,2.971638,13.736347,32.845444,11.6015645
"067","7am",54.50328,1.110503,9.283199,26.005678,9.0973413
"068","7am",46.3563,2.99618,13.056982,31.60188,5.9886542
"069","7am",57.81004,3.158828,6.355869,28.59134,4.0839264
"070","7am",49.87736,6.458971,8.868985,29.693365,5.1013199
"071","7am",45.79881,2.552185,9.928204,28.438525,13.2822771
"072","7am",42.90131,1.78008,11.602316,34.925035,8.791258
"073","7am",38.0683,3.26425,13.732333,34.509836,10.4252833
"074","7am",32.47636,5.070771,14.505942,35.028743,12.9181839
"075","7am",35.19182,10.22499,13.580526,31.871199,9.1314639
"076","7am",29.2085,1.724546,17.122921,45.524071,6.4199592
"077","7am",41.39129,0,12.567935,39.686688,6.3540873
"078","7am",43.13163,10.083676,10.113687,29.471677,7.1993339
"079","7am",51.09765,10.232803,2.439441,32.074379,4.1557308
"080","7am",35.95586,6.100114,9.938305,39.592843,8.4128736
"001","8am",38.21872,43.6257532,11.583605,5.078608,1.4933159
"002","8am",45.61901,26.7173004,11.584276,13.152355,2.9270538
"003","8am",49.3573,16.355397,11.590602,16.937681,5.7590231
"004","8am",42.16884,12.737779,9.642263,22.604663,12.8464602
"005","8am",33.56827,34.0986056,9.974203,18.7783,3.580626
"006","8am",28.78186,42.9480112,9.298167,15.115119,3.8568462
"007","8am",42.05986,13.6188192,14.259563,23.852865,6.2088972
"008","8am",31.23494,7.2833293,10.189823,42.700939,8.5909643
"009","8am",49.51982,27.5196251,6.398573,14.749463,1.812516
"010","8am",52.52244,8.2101239,12.292111,22.59412,4.3812061
"011","8am",57.70448,7.0151978,11.17568,18.545369,5.5592769
"012","8am",34.15276,2.1433823,14.617022,42.196583,6.8902513
"013","8am",66.12063,5.9481814,7.685963,15.474302,4.7709255
"014","8am",42.34805,8.0150947,11.100362,31.565767,6.9707222
"015","8am",38.61759,10.0524754,11.404464,34.403885,5.5215848
"016","8am",48.36742,11.0704564,4.698881,32.882906,2.9803317
"017","8am",37.71687,29.1828029,5.897258,20.65717,6.5458977
"018","8am",45.05601,10.0399266,19.50898,15.622958,9.7721289
"019","8am",48.63382,18.5694689,10.669623,14.547581,7.5795089
"020","8am",30.24327,5.1135856,20.533476,19.778251,24.331415
"021","8am",29.90486,21.0562345,16.724833,26.977206,5.3368649
"022","8am",36.88717,49.0556912,4.093179,7.865662,2.0983011
"023","8am",60.30692,24.9647052,6.298501,4.93397,3.4959034
"024","8am",36.22242,4.9001635,23.65643,19.056177,16.1648104
"025","8am",26.79083,67.1164226,2.236476,2.922127,0.9341472
"026","8am",46.33315,23.1240843,4.991774,22.070637,3.4803501
"027","8am",74.55994,7.9633927,3.95073,10.559013,2.9669245
"028","8am",57.90136,25.2723207,6.328913,10.045611,0.4517919
"029","8am",56.28249,9.4990609,6.854959,22.552042,4.811445
"030","8am",38.65608,22.1256011,5.299882,30.456728,3.4617112
"031","8am",45.5522,1.9206666,7.71903,35.850791,8.9573179
"032","8am",62.30409,3.4938235,8.157459,19.895339,6.1492918
"033","8am",44.09169,15.6405832,8.635273,28.577746,3.0547089
"034","8am",65.68664,1.9566123,6.622097,20.237606,5.4970444
"035","8am",62.87497,4.1911316,4.702782,27.72586,0.5052524
"036","8am",43.6909,7.4490755,3.538876,38.448314,6.8728371
"037","8am",53.29508,2.2898249,6.989785,28.725472,8.699834
"038","8am",39.75521,1.6840969,7.754972,44.821888,5.9838332
"039","8am",46.32445,6.3448719,11.091861,30.393364,5.8454557
"040","8am",45.1627,15.0827214,7.968383,28.253764,3.5324286
"041","8am",48.03266,10.0900134,5.147171,30.666678,6.0634796
"042","8am",39.09733,13.0009263,10.858739,29.472605,7.5704
"043","8am",52.58365,4.7591492,4.929755,32.274912,5.4525336
"044","8am",44.12346,8.1083602,6.439727,37.838144,3.4903103
"045","8am",42.84455,7.044683,11.291128,35.5369,3.2827413
"046","8am",44.34906,5.7020155,10.571175,36.883893,2.4938529
"047","8am",56.27967,5.6152274,7.855081,25.787572,4.4624519
"048","8am",45.19763,6.5571307,12.39399,32.112759,3.7384899
"049","8am",41.95226,0,15.111795,34.117306,8.8186389
"050","8am",52.11584,2.4637562,14.271939,25.389046,5.7594173
"051","8am",38.70632,8.7043686,0,45.297206,7.2921016
"052","8am",51.71846,1.8765579,2.98887,37.161622,6.2544897
"053","8am",30.52484,0,13.669834,41.768454,14.0368682
"054","8am",47.4153,10.2515239,4.877381,29.613798,7.8419935
"055","8am",50.34333,4.5325652,8.321489,29.093408,7.7092043
"056","8am",33.15749,4.4135806,7.990937,50.858171,3.5798236
"057","8am",44.77088,11.2632979,3.769153,32.556324,7.6403456
"058","8am",43.29505,8.0466092,7.609348,34.56121,6.4877847
"059","8am",38.81873,1.7703696,11.366221,37.286177,10.7584972
"060","8am",45.29134,20.6332486,11.180419,17.626435,5.2685608
"061","8am",43.76528,3.9475535,6.840473,31.580574,13.866124
"062","8am",44.01378,2.5256677,14.130179,30.815438,8.5149331
"063","8am",54.42506,0,6.071399,35.560065,3.9434711
"064","8am",46.19604,0,4.718457,40.382327,8.7031769
"065","8am",51.17534,4.8831173,5.718881,32.951725,5.2709418
"066","8am",39.6373,2.2244965,11.102547,34.787326,12.2483273
"067","8am",47.0543,0.8421116,10.39834,30.518575,11.1866777
"068","8am",45.20608,3.2221857,14.041888,31.785076,5.744773
"069","8am",58.62512,2.023148,6.550085,28.592931,4.2087189
"070","8am",45.10024,6.0603031,9.59503,33.968401,5.2760296
"071","8am",49.18438,2.5729166,8.639348,27.267902,12.3354533
"072","8am",41.15965,0.6966613,14.576965,33.795,9.7717279
"073","8am",38.28258,3.327786,13.213697,34.887216,10.2887231
"074","8am",34.4369,5.4882991,14.44246,32.94238,12.6899595
"075","8am",38.38168,9.1387635,12.299459,31.41373,8.7663654
"076","8am",28.32458,0.9766575,18.486073,46.483585,5.7291016
"077","8am",33.1478,0,14.784556,44.592874,7.474765
"078","8am",46.21401,10.1426828,9.824388,27.329048,6.489872
"079","8am",48.76983,12.89521,2.456739,31.693017,4.1852
"080","8am",30.22842,4.584297,9.618832,47.343304,8.2251457
"001","9am",38.64295,44.1569445,8.79545,7.38911,1.0155492
"002","9am",52.50621,20.3401185,9.055933,15.879781,2.2179585
"003","9am",45.76894,17.9369624,12.090286,19.59833,4.605484
"004","9am",42.70074,13.4176762,8.747137,22.024022,13.1104287
"005","9am",35.48609,33.792437,10.146125,15.852094,4.7232539
"006","9am",31.32047,41.3469899,9.055335,13.650884,4.6263219
"007","9am",42.61387,13.8652999,12.489184,24.264667,6.7669837
"008","9am",30.19876,6.736987,8.019902,48.071278,6.9730693
"009","9am",50.38312,26.4430783,5.650975,15.678437,1.8443941
"010","9am",52.33668,6.8846913,12.164477,26.141453,2.4727027
"011","9am",54.26092,5.6808298,12.623082,21.491586,5.9435779
"012","9am",32.21518,2.2598811,15.411498,42.343661,7.7697802
"013","9am",66.61521,3.134334,7.677651,16.607047,5.9657617
"014","9am",47.78002,5.4019177,11.390618,30.810106,4.6173368
"015","9am",29.95293,13.9882946,11.336256,38.585559,6.1369616
"016","9am",51.62158,10.390058,5.905003,27.770175,4.3131887
"017","9am",39.45162,26.4547804,6.721773,19.286981,8.0848442
"018","9am",46.39846,8.29259,20.649438,14.289514,10.3699998
"019","9am",50.1348,20.1318146,9.818407,11.293617,8.6213563
"020","9am",30.90518,1.9751263,17.837695,22.722484,26.5595106
"021","9am",31.25078,16.2953358,19.47646,28.345793,4.6316362
"022","9am",44.26285,41.1842962,4.248623,8.781297,1.5229333
"023","9am",62.11516,24.7928452,6.446182,3.749378,2.8964362
"024","9am",33.3824,4.6044074,24.202555,21.810849,15.999788
"025","9am",24.34549,70.7306013,1.80742,2.028608,1.0878833
"026","9am",54.04075,17.4441413,3.760989,21.463695,3.2904294
"027","9am",78.71979,6.5772033,4.622296,7.962388,2.1183189
"028","9am",60.45284,23.4634665,4.598647,10.047109,1.437938
"029","9am",57.05772,8.2631732,9.042265,22.433443,3.2034009
"030","9am",37.29114,25.2459986,5.859108,27.147848,4.4559008
"031","9am",44.6488,2.0614283,8.284741,34.334633,10.6703991
"032","9am",60.51551,3.1128021,9.335994,20.781375,6.2543228
"033","9am",45.73618,14.6471894,11.15182,25.005936,3.4588697
"034","9am",63.00302,4.0409927,5.74603,22.554376,4.6555821
"035","9am",58.9064,4.3675823,6.751848,29.498568,0.4756007
"036","9am",44.79304,3.5610079,5.222777,37.857561,8.5656152
"037","9am",52.83621,2.2333161,6.81729,29.628048,8.4851377
"038","9am",35.64739,1.5894835,8.031192,49.97934,4.752593
"039","9am",49.12635,6.8607893,7.538345,28.975807,7.4987141
"040","9am",42.0805,14.4925709,8.180859,29.87084,5.3752343
"041","9am",50.09323,8.9061979,5.267504,30.071925,5.661147
"042","9am",33.74336,16.544093,7.201124,35.099413,7.4120118
"043","9am",52.43536,4.7920909,3.886253,34.160214,4.7260788
"044","9am",36.7298,8.9252097,6.189847,44.522349,3.6327982
"045","9am",44.68711,5.8077937,9.151524,36.74066,3.612915
"046","9am",44.29983,6.2086098,11.510369,35.972663,2.0085262
"047","9am",57.86743,6.0455038,6.859083,25.052325,4.1756545
"048","9am",39.61885,5.4522423,13.703642,37.011042,4.2142285
"049","9am",39.37219,0,17.570994,33.422223,9.6345917
"050","9am",50.06297,2.7776113,13.567791,26.767022,6.8246036
"051","9am",36.73772,9.3777909,0,46.028232,7.8562624
"052","9am",51.86473,1.8717851,2.981268,35.417545,7.8646742
"053","9am",34.1614,2.9461301,14.547914,33.665273,14.6792859
"054","9am",49.21589,9.0872116,4.676493,30.121572,6.8988359
"055","9am",50.19741,1.0084183,8.455341,33.860944,6.4778842
"056","9am",33.55826,4.4091082,10.292135,47.160608,4.579887
"057","9am",46.92069,7.6254668,4.042846,33.506754,7.9042397
"058","9am",39.72232,8.595696,9.734705,36.23147,5.7158099
"059","9am",37.38709,1.6626157,12.06593,39.866761,9.0176009
"060","9am",44.94698,21.0045497,9.334475,18.137777,6.5762165
"061","9am",45.02437,4.2162506,6.309474,29.639955,14.809946
"062","9am",43.45689,2.7765946,14.230369,34.211674,5.3244753
"063","9am",52.13632,0,7.192085,37.200976,3.470619
"064","9am",43.60915,0,5.083299,41.542919,9.7646369
"065","9am",51.64433,4.886936,4.750622,33.443044,5.2750637
"066","9am",40.21129,1.3260249,11.534827,35.682405,11.2454533
"067","9am",47.15572,1.4735379,9.769711,29.9514,11.6496359
"068","9am",47.39713,3.2830966,14.30733,29.724735,5.2877066
"069","9am",58.08018,2.459498,5.85371,27.762825,5.8437884
"070","9am",45.91778,5.8490441,9.960163,32.577206,5.6958034
"071","9am",49.72794,2.7320549,6.820556,28.743178,11.9762693
"072","9am",38.68375,0.6966965,15.633365,34.840781,10.1454067
"073","9am",37.1515,3.1425775,13.115828,34.988473,11.6016218
"074","9am",37.84448,6.0689831,12.559482,31.525656,12.0013967
"075","9am",40.99707,8.9907031,14.105202,28.334911,7.5721116
"076","9am",29.35111,1.0096586,16.62559,47.663457,5.3501797
"077","9am",30.8155,0,14.572665,46.759253,7.8525854
"078","9am",47.17586,10.0792144,9.861691,26.03306,6.8501695
"079","9am",50.67041,13.3985752,2.423467,29.379028,4.1285184
"080","9am",34.67977,3.5710016,9.25202,44.585732,7.9114813
"001","10am",37.31799,42.8427074,8.523074,9.769681,1.546547
"002","10am",52.53867,17.1216172,9.679215,19.035883,1.624611
"003","10am",48.47366,16.1738829,10.416084,18.077111,6.859264
"004","10am",44.14418,12.4063518,7.029206,23.617741,12.802518
"005","10am",39.52973,35.5788612,9.185787,11.999351,3.706267
"006","10am",32.4468,37.5963602,9.269149,14.902109,5.785584
"007","10am",41.92459,13.9542952,8.970251,28.322189,6.828672
"008","10am",25.31198,7.2581443,8.240741,50.724105,8.465033
"009","10am",48.69855,26.8645341,7.772261,14.557151,2.1075
"010","10am",53.47902,5.9333965,13.954292,23.845524,2.787771
"011","10am",55.5188,4.9795107,11.041789,22.261425,6.198478
"012","10am",37.0652,2.1470007,13.756653,39.649465,7.381682
"013","10am",66.36255,3.3013603,7.42302,17.880841,5.032224
"014","10am",45.13327,6.1219997,12.540961,30.635055,5.568713
"015","10am",27.88666,13.299819,13.112508,38.549784,7.151225
"016","10am",48.73613,10.7668715,5.671764,31.690895,3.134341
"017","10am",39.04629,24.3108127,7.842468,20.295035,8.505398
"018","10am",44.62674,8.8321751,19.606202,15.677945,11.256933
"019","10am",49.33264,19.7892296,9.349476,12.099295,9.429364
"020","10am",30.91412,6.124576,23.778578,17.200695,21.982034
"021","10am",35.44277,16.7780973,20.103437,23.120493,4.555202
"022","10am",44.82608,38.4316561,3.779844,11.089535,1.872884
"023","10am",63.66966,24.0647946,5.19646,4.235124,2.833961
"024","10am",34.71811,4.1455033,25.38414,23.097829,12.65442
"025","10am",22.50299,73.4270012,1.660864,1.864117,0.545028
"026","10am",58.14743,11.1098095,6.442033,20.643044,3.657682
"027","10am",79.22404,6.481844,4.854762,7.071669,2.367685
"028","10am",58.40936,23.5157785,6.415025,10.511681,1.148154
"029","10am",59.15042,9.61259,9.581433,17.25863,4.396928
"030","10am",33.93144,25.4416867,5.704977,32.634791,2.287107
"031","10am",45.66159,1.0484873,8.427599,35.451961,9.410362
"032","10am",57.52891,3.0709221,11.711122,21.409711,6.279334
"033","10am",46.80204,15.1225779,8.104258,24.506987,5.464142
"034","10am",61.48689,3.8708475,6.451562,25.013676,3.177021
"035","10am",57.15466,6.0647893,6.958856,27.420753,2.40094
"036","10am",47.2685,2.6058073,5.098377,36.238759,8.78856
"037","10am",56.64843,2.3217513,6.452794,26.213311,8.363709
"038","10am",34.16888,3.0004298,9.491212,48.30366,5.035813
"039","10am",51.657,6.981353,7.497735,25.063274,8.800641
"040","10am",42.41325,13.5610217,7.512784,31.50864,5.004304
"041","10am",49.98196,8.7631105,5.776116,30.222607,5.256207
"042","10am",36.73266,16.7877682,8.336256,31.102951,7.040363
"043","10am",49.69686,4.3955758,5.195375,34.610955,6.101234
"044","10am",39.1596,7.7973712,6.161221,43.265811,3.615998
"045","10am",44.3767,7.0484877,10.154845,35.036277,3.383691
"046","10am",41.85124,6.0622866,12.291418,37.833867,1.96119
"047","10am",55.90575,5.2241433,6.621214,28.097236,4.151655
"048","10am",40.88106,3.8300352,12.817134,38.078548,4.393218
"049","10am",38.99414,1.5405789,16.994873,32.556578,9.913834
"050","10am",49.75292,2.8325827,15.137158,25.317675,6.959669
"051","10am",35.92081,8.0605128,0,49.992769,6.025912
"052","10am",52.72129,1.9829266,3.158287,35.528482,6.609012
"053","10am",35.14461,3.0141966,15.850648,32.630903,13.359639
"054","10am",50.89584,8.2754637,5.250251,28.138222,7.440225
"055","10am",52.9708,1.058574,7.697413,34.016715,4.256498
"056","10am",36.80943,4.6158947,8.357234,46.473526,3.743919
"057","10am",49.0394,6.2427656,4.287622,33.108267,7.321942
"058","10am",40.69236,7.90256,8.949722,35.557735,6.897625
"059","10am",38.15702,1.7548218,10.07612,40.200994,9.811039
"060","10am",43.52038,20.4519107,9.9122,20.701866,5.413643
"061","10am",41.16169,4.0744897,10.422755,27.675931,16.66513
"062","10am",43.21717,2.8056971,14.125746,33.28594,6.565447
"063","10am",52.78752,0,7.303742,37.46994,2.438794
"064","10am",43.28803,1.8262995,3.500572,42.21223,9.172864
"065","10am",50.45502,5.1593993,5.759343,33.057069,5.569166
"066","10am",40.65495,1.3877166,12.07147,35.058449,10.827415
"067","10am",42.82706,1.4943525,9.907714,33.579064,12.191813
"068","10am",44.71918,3.2441744,14.110344,31.441964,6.484337
"069","10am",58.33323,2.3936912,6.717949,26.551082,6.004051
"070","10am",45.51638,5.5601291,12.92231,30.586725,5.414458
"071","10am",46.8405,2.7383023,9.184745,27.749314,13.487137
"072","10am",43.19199,0.6981349,12.75076,34.39505,8.964064
"073","10am",39.58417,3.9010715,11.670108,33.171552,11.6731
"074","10am",36.576,5.9836817,12.552292,34.195239,10.692785
"075","10am",41.83403,9.8091664,12.26427,27.769552,8.32298
"076","10am",30.91232,1.0397043,15.220991,46.038053,6.788931
"077","10am",30.32906,0,15.92066,45.701127,8.049156
"078","10am",47.41264,9.4521083,8.342158,27.971338,6.821751
"079","10am",49.36597,13.4226431,2.42782,30.647629,4.135934
"080","10am",37.46064,3.3653852,8.719293,41.559802,8.894879
"001","11am",39.75779,42.9654337,7.495496,8.62031,1.1609718
"002","11am",51.01287,22.337566,8.095285,14.929334,3.6249464
"003","11am",50.01579,17.9257957,10.698705,17.150646,4.2090636
"004","11am",40.55477,13.6780796,9.886525,23.320551,12.5600742
"005","11am",37.97286,29.6284041,8.890423,15.236086,8.2722234
"006","11am",33.10702,36.0483388,11.39107,15.579639,3.8739301
"007","11am",44.51294,12.4871594,7.901917,27.876471,7.2215161
"008","11am",31.41078,5.7918548,10.529178,44.752327,7.5158569
"009","11am",50.29828,25.7674796,6.722956,15.081665,2.129615
"010","11am",55.84305,5.4460153,11.739533,24.412619,2.5587781
"011","11am",58.27882,4.9629468,10.474996,20.625408,5.6578251
"012","11am",39.14363,2.1204063,9.856679,40.582558,8.2967277
"013","11am",64.24684,3.7765779,9.247089,15.835064,6.8944275
"014","11am",45.72284,5.9536255,11.686908,28.418222,8.218404
"015","11am",31.15061,14.262978,14.478566,35.392188,4.7156625
"016","11am",47.15053,9.4264597,4.415739,35.971134,3.0361376
"017","11am",39.63867,26.104902,6.801767,19.948754,7.5059033
"018","11am",45.90568,7.2793479,19.983447,15.982947,10.848579
"019","11am",50.77884,22.1640682,9.440915,10.694149,6.9220292
"020","11am",27.9193,5.9863624,22.395565,19.105338,24.5934362
"021","11am",31.58102,19.4475094,19.029263,24.408791,5.5334126
"022","11am",42.47932,41.0487631,2.234141,12.063536,2.1742433
"023","11am",62.11326,24.0321287,4.733425,6.274927,2.8462642
"024","11am",33.79233,5.2153838,23.349417,25.399053,12.2438171
"025","11am",25.02258,70.2241651,2.260354,1.904367,0.5885328
"026","11am",56.26208,13.3332849,5.774443,19.516362,5.113834
"027","11am",79.28545,5.9779874,4.197471,8.011292,2.5277959
"028","11am",58.28885,24.020792,5.486682,11.479692,0.7239842
"029","11am",57.8683,9.5873093,6.358684,20.651308,5.5343948
"030","11am",34.69225,27.8483504,7.202658,27.705894,2.5508518
"031","11am",47.58168,0.9654522,7.760175,35.539955,8.1527347
"032","11am",61.63815,3.3746901,8.442989,22.313179,4.2309888
"033","11am",43.21084,14.9378898,8.110637,27.745437,5.9951969
"034","11am",64.10906,4.1524012,6.407702,20.89929,4.4315482
"035","11am",59.45899,6.5274764,7.398743,25.471965,1.1428215
"036","11am",47.13829,2.6422601,3.949088,40.811973,5.4583844
"037","11am",55.3599,2.2404944,6.839202,27.272359,8.2880406
"038","11am",35.90343,3.0579524,8.134397,47.771863,5.1323568
"039","11am",53.49395,5.1783654,10.296215,23.81928,7.2121889
"040","11am",42.18457,14.1128678,7.900139,31.466011,4.3364076
"041","11am",44.47483,8.6073903,9.719799,30.71119,6.4867944
"042","11am",36.42588,13.4938399,9.204122,33.168304,7.7078568
"043","11am",48.75046,4.6850472,8.874158,31.718073,5.9722661
"044","11am",41.30633,9.2273681,7.50137,38.625913,3.3390182
"045","11am",42.95803,5.4154984,12.294549,35.825858,3.5060625
"046","11am",39.83762,8.2533574,11.823117,38.176613,1.9092912
"047","11am",60.40981,5.5727283,6.138698,23.444014,4.4347518
"048","11am",38.48715,4.9282369,14.50241,37.622329,4.4598707
"049","11am",36.26804,0,17.899855,36.017188,9.8149139
"050","11am",51.15967,2.6307324,14.315167,25.082747,6.811687
"051","11am",36.33919,9.5251193,0,46.409579,7.7261125
"052","11am",51.31678,2.0342523,3.240036,36.628853,6.7800786
"053","11am",35.83513,2.5893037,15.081102,31.613877,14.8805835
"054","11am",55.34283,8.1571982,3.630269,26.678576,6.1911236
"055","11am",50.698,1.044217,7.140375,31.837216,9.2801904
"056","11am",36.71429,4.3385288,7.030811,48.397424,3.5189495
"057","11am",53.57342,8.8367333,3.955786,29.063112,4.5709476
"058","11am",40.53059,8.686776,8.214728,36.23675,6.3311581
"059","11am",36.66264,2.0932998,11.771142,38.102118,11.3708041
"060","11am",45.37794,20.3080996,10.276003,19.444505,4.5934519
"061","11am",37.73382,3.7472911,11.39967,29.978467,17.1407569
"062","11am",42.36566,2.6031658,14.328295,33.009356,7.6935265
"063","11am",53.50326,0,6.631106,37.651438,2.2141944
"064","11am",42.98937,1.7675689,3.388,43.836156,8.0189079
"065","11am",46.34769,5.3716118,7.065436,35.417024,5.7982332
"066","11am",42.93315,1.3061063,9.420116,33.806554,12.5340689
"067","11am",44.14801,1.5857791,10.432653,32.72928,11.1042752
"068","11am",46.27676,3.1913838,13.880734,29.583342,7.0677845
"069","11am",54.44074,3.55912,9.04298,27.998668,4.9584958
"070","11am",45.51122,5.5847091,11.002199,32.382773,5.5191017
"071","11am",45.92061,2.289713,10.441777,26.575732,14.772165
"072","11am",45.35709,0.6983564,12.979601,33.872787,7.0921637
"073","11am",35.95115,4.953697,15.084168,33.70859,10.3023897
"074","11am",37.91722,4.99088,10.291181,34.081708,12.7190112
"075","11am",42.36746,10.034413,11.675685,28.277112,7.6453335
"076","11am",30.05943,1.0623807,14.24552,47.695674,6.9370003
"077","11am",30.5762,0,14.570661,47.486516,7.3666243
"078","11am",49.9532,9.6807286,9.7094,24.576935,6.0797319
"079","11am",47.20485,13.9653575,2.525983,32.000652,4.3031617
"080","11am",35.64544,3.4341468,8.897446,42.946347,9.0766192
"001","12am",40.25733,43.8757889,9.799103,5.391079,0.6766956
"002","12am",48.94234,27.3507452,6.254233,13.892441,3.560237
"003","12am",50.49357,18.6310196,10.640856,16.025062,4.2094905
"004","12am",40.56869,13.6507667,11.157412,23.325417,11.2977141
"005","12am",36.05435,28.7156473,12.157033,16.583021,6.4899497
"006","12am",31.94575,36.3420972,10.673023,15.981286,5.0578452
"007","12am",42.43356,17.0357981,8.715135,24.83434,6.9811665
"008","12am",30.02362,6.7409551,10.330436,44.315882,8.5891099
"009","12am",51.65525,23.4717952,5.783129,16.697474,2.3923542
"010","12am",52.63806,7.1387652,11.372227,26.264421,2.5865317
"011","12am",57.90752,4.3559802,10.455231,21.119156,6.162112
"012","12am",38.60698,4.077274,10.01643,38.892755,8.4065601
"013","12am",60.96975,5.2221802,8.559557,18.276346,6.9721627
"014","12am",47.59223,5.0178042,11.39384,29.267074,6.7290552
"015","12am",34.12248,10.1691599,13.105951,37.649171,4.9532397
"016","12am",49.91886,8.4508751,5.911825,32.896742,2.8217027
"017","12am",39.15071,26.1514152,5.66792,21.034831,7.9951244
"018","12am",43.79958,8.4526584,18.92908,18.599086,10.2195904
"019","12am",51.35185,17.4742295,11.341104,12.021313,7.8115064
"020","12am",25.31587,14.0593954,20.938156,18.366493,21.3200849
"021","12am",28.24773,22.4206043,17.494817,26.541484,5.2953665
"022","12am",41.46285,42.5641885,3.553961,10.871619,1.5473815
"023","12am",61.15104,23.812892,4.546473,7.360313,3.1292779
"024","12am",33.64586,6.5765369,22.990563,22.402109,14.3849346
"025","12am",24.73932,70.1148446,1.954892,2.549428,0.641516
"026","12am",58.82277,14.7549073,4.11582,18.011807,4.2946937
"027","12am",76.70678,6.7569596,4.345161,9.108295,3.0828008
"028","12am",56.30565,27.5948782,6.254053,9.442346,0.4030705
"029","12am",56.50058,8.3751596,6.766824,23.988586,4.3688554
