secteur,hour,cleduc1,cleduc2,cleduc3,cleduc4
7501,4am,7.21642030145171,15.5344792,21.74116987,55.5079306301631
7502,4am,7.21867864339811,5.004067686,28.71531702,59.0619366493599
7503,4am,9.76571671473822,16.04034463,21.82312053,52.3708181232295
7504,4am,8.33040457753099,15.59686241,29.02912685,47.0436061686977
7505,4am,13.7173573521615,15.24205198,20.42851812,50.6120725524406
7506,4am,11.4838031197139,14.1409145,31.12321555,43.2520668388834
7507,4am,14.1285422606866,14.52294766,29.6387026,41.7098074761761
7508,4am,5.79920407372989,13.08434142,25.06686047,56.0495940423084
7509,4am,11.5388138465031,12.07908323,19.72211492,56.6599880000699
7510,4am,6.21170308753262,10.40234358,28.19599252,55.1899608079653
7511,4am,14.2405105328082,10.71210171,28.89783315,46.149554607616
7512,4am,18.5404218508602,14.53827124,22.46018165,44.4611252610637
7513,4am,30.3465713021516,22.60541053,17.22307846,29.8249397147267
7514,4am,24.8854671400154,19.24350517,25.09396379,30.7770638932994
7701,4am,14.9675570058688,35.0671891,35.32622768,14.6390262107602
7702,4am,20.1031181130642,33.64279364,22.89352087,23.3605673697184
7703,4am,18.8338534542766,43.67807211,25.4364018,12.0516726362999
7704,4am,37.1666788271589,29.94253462,25.21385665,7.67692990051958
7705,4am,26.827611442914,45.14677225,21.10765293,6.91796338018373
7706,4am,30.3412588860468,44.48282097,20.22715204,4.94876810727368
7707,4am,40.4601405380959,40.73709413,14.00675684,4.79600849102043
7708,4am,15.0968952208008,44.61946452,25.24679428,15.0368459750701
7709,4am,30.4941154467491,29.3450001,32.74045012,7.42043433583892
7710,4am,13.9190443676377,29.06324117,42.50473963,14.5129748306347
7711,4am,30.0261891883033,31.20464914,22.8971975,15.871964171801
7712,4am,23.7605761789971,43.51831912,17.84843942,14.8726652774519
7713,4am,40.1712833144177,32.10661481,21.7882952,5.93380667922137
7714,4am,20.8187180697638,36.78789506,26.91300845,15.4803784187317
7715,4am,33.748483636679,44.50791468,16.64914722,5.09445446392108
7716,4am,23.0916033974523,41.69513258,27.16308104,8.0501829824127
7801,4am,19.508670545569,26.06417395,22.05672849,32.3704270195453
7802,4am,9.6387468611144,18.32092627,31.50049215,40.5398347243696
7803,4am,13.2484940917136,23.14890039,34.99480413,28.6078013901978
7804,4am,22.2273124646361,24.6598055,29.07565003,24.0372319997808
7805,4am,13.7483952801844,37.20392581,30.21486204,18.8328168628165
7806,4am,26.0698586001065,42.40965752,21.20468101,10.3158028689219
7807,4am,34.4927122204379,40.20407646,19.74421777,5.55899354927526
7808,4am,31.8138998654699,41.725295,18.51675247,7.94405266622202
7809,4am,17.0161741095864,34.8205352,27.28718997,20.8761007196793
7810,4am,11.6577292459952,38.29219308,29.58740927,20.4626683990827
7811,4am,11.0125528258563,23.39644615,34.48076053,31.110240496775
7812,4am,8.64057249031013,22.41195493,27.01164753,41.935825050776
7813,4am,12.7221148419867,35.32517832,30.59980088,21.3529059593196
7814,4am,7.70834761967849,36.43495815,33.76580916,22.090885075511
7815,4am,21.5000737311087,32.90597348,30.07925184,15.5147009457944
7816,4am,15.2266722999455,33.94034622,31.60871382,19.2242676531616
9101,4am,25.3773390818012,33.69036223,26.27400376,14.6582949341227
9102,4am,21.7897670474062,31.27841746,27.1383979,19.7934175924922
9103,4am,27.2248173645314,34.63417167,24.68944642,13.4515645510312
9104,4am,22.1094737610464,38.53316469,23.24716793,16.110193622188
9105,4am,17.8548937979303,37.09408749,30.47777601,14.5732427071477
9106,4am,27.4109840932778,31.70567454,28.32588441,12.5574569623089
9107,4am,24.8752256101639,35.30234685,28.04784985,11.7745776898381
9108,4am,15.8935094231871,36.00545041,26.83216038,21.2688797895475
9109,4am,21.3251759392886,26.86726122,33.7015958,18.1059670407686
9110,4am,30.208706267855,32.36159671,24.93361013,12.4960868843507
9111,4am,23.2232441194944,23.93201292,32.40625857,20.4384843866154
9112,4am,18.520514978578,29.98983294,32.62495194,18.8647001399745
9113,4am,12.6898157017961,26.75949099,33.21874727,27.3319460424996
9114,4am,7.53736753017094,22.23964435,37.58129238,32.6416957422818
9201,4am,28.231586785958,17.29800635,31.44580717,23.024599696732
9202,4am,19.5305794684278,28.26156202,29.64936516,22.5584933544714
9203,4am,14.6670582799109,16.32051816,32.10437165,36.908051908347
9204,4am,20.4987412671169,30.6239465,29.60991474,19.2673974970915
9205,4am,8.68431079740847,23.56122688,24.69828254,43.0561797892179
9206,4am,6.85691676236453,25.48860471,25.33778054,42.3166979883652
9207,4am,3.5969231579987,10.33649511,35.77321316,50.2933685712007
9208,4am,9.31173896687504,21.83938774,26.63671409,42.2121592113123
9209,4am,15.5605676242921,18.63038686,30.71946276,35.0895827531023
9210,4am,12.6699607105077,18.03386952,26.90474305,42.3914267188695
9211,4am,23.9399805891163,24.00065822,26.41499171,25.644369477895
9212,4am,11.7826092263588,27.2434592,32.8439578,28.1299737738582
9302,4am,27.9004754147477,40.09176184,20.82170585,11.1860568991094
9303,4am,27.4096742170889,22.58935299,30.98560251,19.0153702778585
9304,4am,31.8101251105074,33.79017561,18.46208961,15.9376096683903
9305,4am,33.1043242434656,36.73977035,20.45228725,9.70361816437743
9306,4am,30.2826344722533,27.0286096,27.27874425,15.4100116856461
9307,4am,29.4953533369288,34.75514749,24.94510759,10.8043915741764
9308,4am,32.0921023548938,32.08514372,27.28178295,8.54097097152638
9309,4am,40.0196026120092,29.3124704,24.36864863,6.29927834858373
9310,4am,28.4926681417002,38.83276622,27.89263089,4.78193475114007
9311,4am,45.7752215110217,24.5002013,19.60264632,10.1219308760564
9312,4am,38.3405337898238,32.78029518,16.50539055,12.3737804773732
9402,4am,24.8982609313458,40.98252569,16.78783075,17.3313826301171
9403,4am,25.4809491953808,29.37601757,19.65103226,25.4920009766436
9404,4am,29.747985700003,30.21659431,27.40778387,12.627636113717
9405,4am,15.951035228201,30.87142011,35.9942531,17.1832915624691
9406,4am,26.8653806196372,37.21836711,21.619514,14.2967382674895
9407,4am,21.9044751071978,25.28576733,25.97457002,26.8351875367737
9408,4am,13.5487369759921,28.47264394,23.03387151,34.9447475748548
9409,4am,15.800419424333,15.57575461,34.81827329,33.8055526680685
9410,4am,29.238506183322,30.08675454,30.11391262,10.5608266576778
9411,4am,36.3811939661753,35.29055265,21.22478924,7.10346415057685
9412,4am,37.473407464112,28.42258387,15.46574416,18.6382645069226
9413,4am,31.3740878255775,31.51060578,28.60912226,8.50618413767537
9414,4am,17.144571957547,32.5374293,35.10528422,15.2127145209526
9501,4am,19.4218591543162,35.43867621,30.03207812,15.1073865079867
9502,4am,33.7541467696817,32.5387783,21.99184307,11.7152318643859
9503,4am,26.5650166745299,35.65578535,22.89553377,14.8836642055521
9504,4am,26.5431838678122,32.79264136,25.53190464,15.1322701337362
9505,4am,31.7452954070586,36.67029676,28.48351036,3.10089746883716
9506,4am,39.5708902039663,29.58617372,24.19024469,6.65269138518149
9507,4am,44.4223800478257,32.18382204,19.99733899,3.39645892184512
9508,4am,23.5101178543962,40.90947757,23.22798239,12.3524221880914
9509,4am,22.5621990464596,27.62569509,34.64213474,15.169971121548
9510,4am,18.2615680291846,36.47398165,30.44593484,14.81851548425
9511,4am,15.6735713999871,32.87572564,25.74406103,25.70664193822
9512,4am,20.9006555189864,28.18464529,31.08156504,19.8331341502764
9513,4am,22.6095817512194,28.44017963,28.76010205,20.1901365666101
7501,5am,7.21642030145171,15.5344792,21.74116987,55.5079306301631
7502,5am,7.19907528731158,5.262042751,28.63733646,58.9015454985006
7503,5am,9.76571671473822,16.04034463,21.82312053,52.3708181232295
7504,5am,8.29151595532421,15.99087949,28.89361089,46.8239936624248
7505,5am,13.7173573521615,15.24205198,20.42851812,50.6120725524406
7506,5am,11.4838031197139,14.1409145,31.12321555,43.2520668388834
7507,5am,13.9086884309743,14.50085616,29.94409459,41.6463608217027
7508,5am,5.41328007530803,13.13794565,25.16955496,56.279219314898
7509,5am,11.4578770838908,11.99435685,20.28520852,56.262557548432
7510,5am,6.27058213832288,9.391014001,28.62531237,55.7130914952718
7511,5am,13.8684260352427,11.30582222,28.57633775,46.2494139868158
7512,5am,18.5822422635031,14.57106426,22.28528017,44.5614133030479
7513,5am,30.3465713021516,22.60541053,17.22307846,29.8249397147267
7514,5am,24.9479967757107,19.04058858,25.15701732,30.854397325788
7701,5am,14.7168195037621,35.63284848,35.25653973,14.3937922782005
7702,5am,19.6727026169325,33.824032,23.01685142,23.4864139604349
7703,5am,18.8699296814301,43.76173741,25.2935753,12.0747576029884
7704,5am,37.4282651983914,29.91311555,24.98923207,7.66938717998711
7705,5am,27.2958246752214,44.65548829,21.00998678,7.03870025614872
7706,5am,30.1875155125147,44.18640737,20.58882277,5.03725434515259
7707,5am,41.2335996865553,40.32546547,13.55324312,4.88769172775996
7708,5am,15.1333830483464,44.48561479,25.3078135,15.073188669031
7709,5am,29.5057670392291,29.96471231,33.04097425,7.48854639900637
7710,5am,14.8336335894512,28.19527429,42.46998428,14.5011078362699
7711,5am,29.3327460307233,31.36300392,23.39346498,15.9107850693621
7712,5am,23.5610733207496,43.99147167,17.4130868,15.0343682030624
7713,5am,40.0263919564156,32.02043589,21.96990579,5.98326636176284
7714,5am,21.4259369163047,36.6294387,26.79708616,15.1475382332305
7715,5am,34.0371843637818,44.30396457,16.52081619,5.13803487256284
7716,5am,23.2663956887556,41.24628105,27.37448699,8.11283627672987
7801,5am,19.6298235680055,25.60501663,22.1937055,32.571454304404
7802,5am,9.58964933256069,18.73698042,31.34003599,40.3333342610187
7803,5am,13.2484940917136,23.14890039,34.99480413,28.6078013901978
7804,5am,22.3433983375917,24.26632868,29.2275025,24.162770481528
7805,5am,13.7483952801844,37.20392581,30.21486204,18.8328168628165
7806,5am,25.8331037136687,42.02451183,21.92026513,10.2221193252476
7807,5am,34.0723653375416,40.16186932,20.10515091,5.66061443753969
7808,5am,32.1299131020971,41.58305312,18.70068273,7.58635104504105
7809,5am,17.3714369175645,34.6714647,27.17037053,20.7867278559709
7810,5am,11.6577292459952,38.29219308,29.58740927,20.4626683990827
7811,5am,11.0125528258563,23.39644615,34.48076053,31.110240496775
7812,5am,8.63044217945979,22.38567889,27.09721995,41.8866589863739
7813,5am,12.7221148419867,35.32517832,30.59980088,21.3529059593196
7814,5am,7.70834761967849,36.43495815,33.76580916,22.090885075511
7815,5am,21.1737712967819,33.04275449,30.20428295,15.57919125715
7816,5am,15.0077094585324,34.02801147,31.69035665,19.273922425289
9101,5am,24.8934521085083,34.54840597,26.03383654,14.5243053832097
9102,5am,21.7210973289717,31.49499122,27.05287215,19.7310393022619
9103,5am,27.5608867027246,34.20786712,24.61363246,13.6176137235856
9104,5am,21.5591418117024,38.70463819,23.47094782,16.2652721823555
9105,5am,17.6438292760112,37.57653778,30.29417894,14.4854539991758
9106,5am,27.9442574367926,31.23873983,28.27992191,12.5370808258204
9107,5am,24.8752256101639,35.30234685,28.04784985,11.7745776898381
9108,5am,15.8935094231871,36.00545041,26.83216038,21.2688797895475
9109,5am,21.5253045085018,27.09213971,33.45149621,17.931059574854
9110,5am,29.9512995650914,32.00480636,25.34275451,12.7011395673293
9111,5am,23.3397202478235,24.48568118,31.99530242,20.1792961518034
9112,5am,18.520514978578,29.98983294,32.62495194,18.8647001399745
9113,5am,12.6695143928984,26.71668085,33.32558466,27.2882200899388
9114,5am,7.53736753017094,22.23964435,37.58129238,32.6416957422818
9201,5am,28.1971581300542,17.39886212,31.40745875,22.9965210050774
9202,5am,19.4503691158794,28.14549429,29.52759786,22.8765387335119
9203,5am,14.8962694286843,16.31786926,31.88379977,36.9020615495343
9204,5am,20.1574150833452,30.75542561,29.73704026,19.3501190459539
9205,5am,8.68431079740847,23.56122688,24.69828254,43.0561797892179
9206,5am,7.2238925091297,25.3881818,25.23795186,42.1499738333864
9207,5am,3.5969231579987,10.33649511,35.77321316,50.2933685712007
9208,5am,9.31173896687504,21.83938774,26.63671409,42.2121592113123
9209,5am,15.5718565110961,19.19559996,30.74174913,34.490794403273
9210,5am,12.6550914687693,18.01270529,26.99052636,42.3416768904431
9211,5am,23.9399805891163,24.00065822,26.41499171,25.644369477895
9212,5am,11.7826092263588,27.2434592,32.8439578,28.1299737738582
9302,5am,27.8580542959432,40.18284898,20.7900476,11.1690491226606
9303,5am,27.371850453982,22.6961752,30.94284417,18.989130168068
9304,5am,31.9488719637559,33.72142228,18.42452455,15.9051812001849
9305,5am,33.0095723923101,36.63461305,20.67997028,9.67584427667566
9306,5am,30.3711647586466,26.81528014,27.35849276,15.4550623482331
9307,5am,29.5312629407364,34.79631942,24.80409295,10.8683246956496
9308,5am,32.4381582118173,31.35280361,27.57596813,8.63307004923171
9309,5am,39.6191929724245,29.8945058,24.25004929,6.23625194130892
9310,5am,28.5433518899692,38.47970208,28.1507578,4.82618823397261
9311,5am,45.4612059006919,25.07135145,19.43307225,10.0343704033606
9312,5am,38.6717707546476,32.38579061,16.54155006,12.4008885770333
9402,5am,24.799552334235,41.4612126,16.26662686,17.4726082032345
9403,5am,25.4809491953808,29.37601757,19.65103226,25.4920009766436
9404,5am,29.6660756201695,29.82660049,27.91285097,12.5944729203649
9405,5am,17.2375579046284,32.20057819,34.22377882,16.3380850858064
9406,5am,26.8719524828829,37.07578241,21.54753478,14.5047303301908
9407,5am,22.0900942691615,24.65263674,26.19467929,27.0625896999088
9408,5am,13.8288671638485,28.64347754,22.92449223,34.6031630728803
9409,5am,15.9066702444663,15.14906129,34.85082118,34.0934472793553
9410,5am,29.4517966717743,30.30623287,29.60410416,10.6378662937712
9411,5am,36.5709412644243,34.95305842,21.33548781,7.14051249846873
9412,5am,37.2608511080375,28.06726708,16.44407776,18.227804051694
9413,5am,30.8715610289294,32.60761794,28.15088263,8.36993840871047
9414,5am,17.1729070414477,32.42593293,35.16330324,15.2378567959174
9501,5am,19.3125641607107,35.45212129,29.99959602,15.2357185290246
9502,5am,34.3804566401028,32.13483944,21.84675933,11.6379445876154
9503,5am,26.4626723574431,35.51841796,23.19258625,14.8263234378979
9504,5am,26.282272646488,33.07976224,25.37320212,15.2647629913435
9505,5am,31.7339861260377,36.18803446,28.74549118,3.33248823560559
9506,5am,40.0899515706717,29.32425188,23.8148924,6.77090415117847
9507,5am,43.9790061802027,32.50402522,20.10262698,3.41434161711612
9508,5am,23.7245083534942,40.37062674,23.43980007,12.465064837285
9509,5am,22.3583647405415,27.69841234,34.7333209,15.2099020144231
9510,5am,18.2615680291846,36.47398165,30.44593484,14.81851548425
9511,5am,15.6735713999871,32.87572564,25.74406103,25.70664193822
9512,5am,20.9006555189864,28.18464529,31.08156504,19.8331341502764
9513,5am,23.0543740844825,28.14430184,28.67260917,20.1287149093715
7501,6am,9.11465565007209,15.67044814,21.08343873,54.1314574821091
7502,6am,7.54028507210137,5.315153139,28.50833916,58.636222626025
7503,6am,10.5207464598508,17.23782107,21.3788399,50.862592564026
7504,6am,8.31513287522843,15.38455111,29.3842021,46.9161139234753
7505,6am,14.0116703883462,14.92009,20.32391751,50.7443221067328
7506,6am,11.3068562764802,14.55482796,31.32071438,42.8176013802501
7507,6am,13.5662226486739,15.32905411,29.33255461,41.7721686329088
7508,6am,5.40402382713014,13.11548088,25.12651717,56.3539781285795
7509,6am,11.7802413350994,12.11516103,20.2713974,55.833200235856
7510,6am,6.92053583434112,9.606269533,28.64677565,54.8264189872582
7511,6am,14.3683378712695,11.84378806,28.30044198,45.4874320879592
7512,6am,17.9968396393254,14.57915026,22.67536062,44.7486494797337
7513,6am,29.9830735725081,22.78749277,17.53035244,29.6990812162477
7514,6am,24.9331258030273,18.03871849,25.87538758,31.1527681185993
7701,6am,15.4899653329516,37.54976941,32.08219559,14.8780696668033
7702,6am,19.7087966299325,33.72587706,23.10263957,23.4626867360303
7703,6am,19.1714210992417,43.21243475,26.03539859,11.5807455671988
7704,6am,37.4779165365841,29.75919833,24.92799045,7.83489467618009
7705,6am,26.8343952881979,44.21135725,21.48941954,7.46482792320309
7706,6am,30.3676981622038,43.93770657,20.46882331,5.22577195117724
7707,6am,41.9731223905682,39.14661168,13.87613135,5.0041345704555
7708,6am,13.9417764565153,44.48324846,25.58380654,15.9911685420399
7709,6am,31.6352262809668,28.65854518,32.75641163,6.94981690434979
7710,6am,14.3632333120724,28.16988027,42.97883898,14.4880474371129
7711,6am,27.8103411063321,31.46609291,24.81788769,15.9056782856354
7712,6am,24.0493959932871,42.83064874,17.77398739,15.3459678810943
7713,6am,39.9663631166017,32.18802893,21.69359624,6.15201171728032
7714,6am,21.8536113462821,35.60214409,27.09435247,15.4498920955033
7715,6am,34.2586319599517,43.95746246,16.52674668,5.25715889489753
7716,6am,23.186318660511,41.24475011,27.40644616,8.16248506836861
7801,6am,20.1270454752323,23.72059748,22.75587034,33.3964867135992
7802,6am,9.66441620318498,18.41893246,31.5843824,40.3322689406719
7803,6am,12.0486025759267,24.30140733,35.0208756,28.6291144880729
7804,6am,23.3361223958521,23.42727297,29.14337965,24.0932249846534
7805,6am,13.2340443386726,37.93694101,29.61179588,19.2172187663424
7806,6am,25.2186120263496,42.96609921,21.47042776,10.3448610004021
7807,6am,34.9907931403406,40.34304752,18.80035597,5.86580337008258
7808,6am,32.9862783444723,39.84527984,19.32771933,7.84072249101803
7809,6am,16.1607637767808,34.90085141,27.55854753,21.3798372875262
7810,6am,11.8059698374287,37.50751181,29.96364507,20.7228732813353
7811,6am,11.4017893724631,23.314562,34.28228943,31.0013591938318
7812,6am,8.65044862780363,22.4375717,26.92822215,41.9837575198999
7813,6am,13.9909219460478,34.29343782,30.46017021,21.2554700176186
7814,6am,7.37348810109934,36.30362197,34.00302519,22.3198647367969
7815,6am,21.5226161753832,32.87183253,30.7019085,14.9036428015291
7816,6am,14.4243135198019,33.38974662,32.26857868,19.9173611786892
9101,6am,24.556390277171,35.10823219,25.97182105,14.3635564782532
9102,6am,21.4091123747117,31.78393868,27.01494576,19.7920031894939
9103,6am,28.143060890442,33.1059779,25.1335512,13.6174100177016
9104,6am,20.9875394577757,39.2424483,23.36108298,16.4089292623457
9105,6am,18.3665010828594,37.350297,29.62169031,14.6615116106983
9106,6am,27.9845361428388,30.77574163,28.88286081,12.3568614135661
9107,6am,24.5828562642967,36.01787633,27.7100675,11.6891999051123
9108,6am,15.8979451026512,35.211546,27.39146294,21.4990459651567
9109,6am,21.4488561175535,27.2624243,33.03196808,18.2567514964975
9110,6am,29.801979188175,30.97005181,26.13152024,13.0964487540676
9111,6am,23.4486901617876,25.64726975,31.14799441,19.7560456819264
9112,6am,19.083661310303,30.15895599,32.21956557,18.5378171311751
9113,6am,11.9606641350122,26.91710838,33.48633621,27.6358912772186
9114,6am,7.53736753017094,22.23964435,37.58129238,32.6416957422818
9201,6am,27.3030660398993,17.79551631,31.61854353,23.2828741179951
9202,6am,18.9971240201167,29.14317639,29.17560849,22.6840911085267
9203,6am,14.3779373186911,16.68340596,31.66020083,37.2784558906173
9204,6am,19.5636053038038,30.73043634,30.24624638,19.4597119719255
9205,6am,7.77758507196518,23.81285775,25.47547766,42.9340795172254
9206,6am,7.80710132271509,25.38908944,25.01919007,41.7846191628355
9207,6am,3.60964463714926,9.844570688,35.89973468,50.646049989825
9208,6am,10.034240256915,21.35287405,26.44148816,42.1713975352369
9209,6am,15.5817046544848,19.23016454,30.6352305,34.5529003043899
9210,6am,13.1436874572641,18.03510776,26.42686738,42.3943374005264
9211,6am,24.0547946619002,24.40755528,26.11337034,25.4242797212372
9212,6am,11.8452373815724,27.38826648,32.48700299,28.2794931485416
9302,6am,27.4461046864558,41.40431806,19.82802971,11.3215475402185
9303,6am,28.4986521971879,22.27364817,30.26287513,18.9648245027876
9304,6am,32.8378490674948,33.58040293,17.48999469,16.0917533168873
9305,6am,32.7239825141272,36.04377888,21.43336099,9.79887761538927
9306,6am,30.5075679648819,26.33196479,27.52405137,15.6364158807868
9307,6am,28.4915780972875,35.67193372,24.53660785,11.2998803398093
9308,6am,32.1995279841509,29.75556263,29.22276263,8.82214675419055
9309,6am,38.929384733421,29.66415492,23.32868257,8.07777777570429
9310,6am,28.5806932333217,37.4903364,28.9769653,4.95200506361757
9311,6am,44.9126990214346,24.44499779,20.16885266,10.4734505306521
9312,6am,37.9914670514369,32.68653038,16.40008872,12.9219138486332
9402,6am,24.3047952183068,41.30787976,16.33541848,18.0519065379078
9403,6am,25.6111464020661,29.30746379,19.45913515,25.6222546534014
9404,6am,30.0505411972876,29.93342961,27.44469028,12.5713389145891
9405,6am,17.0982058694232,33.0631635,33.59572815,16.2429024797282
9406,6am,26.751681884959,36.91378247,21.91725611,14.4172795322836
9407,6am,22.2274915523118,25.10542185,25.79317896,26.8739076396931
9408,6am,14.0949539660138,27.84071649,22.79535308,35.2689764687119
9409,6am,16.0209292087525,15.36869158,34.49420756,34.1161716545827
9410,6am,28.9672445143739,30.6118573,29.6757539,10.7451442852017
9411,6am,37.3098438989353,34.9989787,20.47850549,7.21267191229087
9412,6am,34.5869805543925,30.58221428,16.70635399,18.1244511768715
9413,6am,30.2289416811714,32.33940011,28.95013012,8.48152809099038
9414,6am,18.2220068373567,31.94806954,34.72718451,15.1027391053098
9501,6am,17.9039512337227,35.07399323,31.00615392,16.015901617138
9502,6am,34.0577203000312,33.17800375,21.25994243,11.5043335156222
9503,6am,26.9398256185632,34.7082739,23.72922862,14.6226718558388
9504,6am,26.7352845784982,32.04430585,25.80418413,15.4162254449842
9505,6am,31.7136952325943,36.9544803,27.75409694,3.5777275291457
9506,6am,38.6571304452033,30.23583599,24.22074102,6.88629254343095
9507,6am,44.0155499725848,32.09597966,20.44134321,3.44712715855799
9508,6am,22.8306685476898,39.91282458,24.55178212,12.7047247463217
9509,6am,22.7443867514056,27.53826146,34.17692213,15.5404296564408
9510,6am,18.432184579727,36.82280831,29.983494,14.7615131111059
9511,6am,15.7048706762084,32.74168208,25.79547053,25.7579767148457
9512,6am,21.4820338070311,27.37322896,30.75991926,20.384817975139
9513,6am,23.4939667022175,27.75135667,28.64520204,20.1094745876518
7501,7am,8.96493718246906,15.64042274,22.70518295,52.689457131885
7502,7am,8.80451786583314,7.624270819,28.11461262,55.4565986906568
7503,7am,13.948427371647,18.83969486,21.25600944,45.9558683309337
7504,7am,9.22996541364473,15.4838451,30.1868924,45.0992970898649
7505,7am,12.9447791446236,14.72040452,20.50619974,51.8286165989604
7506,7am,12.8353851688229,16.68618113,30.24130063,40.2371330730919
7507,7am,13.2745969172314,17.0122624,28.73835189,40.9747887839736
7508,7am,5.28057071711296,12.60283043,25.64772745,56.4688714038564
7509,7am,12.6429367803721,11.56559935,18.90987131,56.8815925590728
7510,7am,8.4183665788173,10.32255221,27.75647141,53.502609801168
7511,7am,14.5642814574263,12.37584018,27.88835367,45.1715246959425
7512,7am,18.0269833079731,14.43567457,22.92210877,44.6152333592302
7513,7am,29.3141942103019,23.43807782,18.27348448,28.974243487
7514,7am,24.6885843396879,17.86855076,27.19882673,30.2440381800285
7701,7am,16.5354817698163,39.14270296,30.29748567,14.0243295956072
7702,7am,19.9035214408599,34.89455806,22.05695993,23.144960576268
7703,7am,19.9071017362811,42.25613419,25.91170668,11.9250573974852
7704,7am,37.4241972346886,30.70203764,23.44549671,8.42826841580844
7705,7am,27.4958339006457,43.82541484,21.06532013,7.6134311320299
7706,7am,29.0734244282405,44.21572251,21.617941,5.09291206345739
7707,7am,43.9397026025689,36.99307735,13.99451365,5.07270639108698
7708,7am,14.7776632455011,40.69529372,28.42908408,16.0979589579832
7709,7am,30.7251277897379,30.89985121,32.0355012,6.3395198025609
7710,7am,13.0155735952003,28.59927678,44.24817154,14.1369780853128
7711,7am,28.2617023406014,31.55495359,25.19258011,14.9907639579832
7712,7am,25.0430659961501,42.74136493,16.54545114,15.6701179349175
7713,7am,41.9931996201999,30.58326381,21.2084333,6.21510326858509
7714,7am,21.9548807219427,36.16734989,25.68052452,16.197244872183
7715,7am,35.6572684369205,44.55476913,14.56984774,5.21811469669166
7716,7am,24.4514269154907,42.9693337,24.34851496,8.23072442700123
7801,7am,20.9247580599376,22.335822,23.12477553,33.6146444094978
7802,7am,10.2959554323148,18.98810049,29.20512556,41.5108185192293
7803,7am,13.0969285295243,24.35221523,35.02919814,27.521658103874
7804,7am,23.1990945191918,22.29852061,29.93457991,24.5678049617471
7805,7am,14.8133982899231,37.59641999,28.63821339,18.9519683296747
7806,7am,24.4610901069147,42.95111547,21.42832976,11.1594646604814
7807,7am,34.8156065088481,38.43285314,20.26420597,6.48733438405704
7808,7am,33.5707071151139,39.55355205,19.25124321,7.62449763026421
7809,7am,16.1526281956886,36.56433428,25.89398037,21.3890571625451
7810,7am,11.3024798857797,37.9690092,30.6976339,20.0308770126643
7811,7am,10.7974107474923,22.67324184,34.65331342,31.8760339995082
7812,7am,8.55833095628193,22.68346463,28.00236859,40.7558358254884
7813,7am,15.3456986896663,34.50180833,28.7918809,21.3606120780468
7814,7am,7.71240313881134,37.63370617,31.56045416,23.0934365404231
7815,7am,21.8362347787047,31.3542444,31.49617975,15.3133410715756
7816,7am,14.4233231747229,32.28982611,32.36799984,20.9188508774274
9101,7am,24.8383031972037,34.73510619,26.4598793,13.9667113075604
9102,7am,21.0774880114069,30.65607985,29.82828434,18.4381477998406
9103,7am,28.8086773090792,32.64766413,24.17231888,14.3713396826165
9104,7am,22.6447052015379,37.59474674,22.47946529,17.2810827699839
9105,7am,18.3720092715581,37.09502518,29.78786814,14.7450974146022
9106,7am,29.2034941543573,30.60365868,29.62500509,10.5678420762944
9107,7am,24.6908191777786,34.82976694,28.49176429,11.9876495958288
9108,7am,16.5664713906458,35.29561501,25.65439198,22.4835216214784
9109,7am,21.3481447479517,27.13454327,32.8205826,18.6967293759727
9110,7am,30.8978678024024,31.13043363,25.19826131,12.773437252797
9111,7am,23.7922320396542,27.51103587,29.03009165,19.6666404414093
9112,7am,18.765067831071,31.3913396,31.66764517,18.1759473926588
9113,7am,12.4063686167127,26.15676943,33.60917865,27.8276833003158
9114,7am,7.0250261883545,22.49398741,37.5558745,32.9251119045804
9201,7am,27.0658922868754,19.02220651,30.05974467,23.8521565348562
9202,7am,18.3790313740537,28.24436208,30.1466755,23.2299310465253
9203,7am,14.6825175268244,18.33691973,29.89991547,37.0806472727949
9204,7am,20.8989353222742,31.78643185,28.4151211,18.8995117279133
9205,7am,7.96022710999198,24.40691421,25.68729366,41.9455650213936
9206,7am,7.8514059239992,24.78792623,25.14158263,42.2190852215556
9207,7am,3.70457296993262,10.10346838,36.57835183,49.6136068162988
9208,7am,10.492638861277,21.75407211,25.89601909,41.8572699412606
9209,7am,15.7030500085241,18.20299808,30.8004475,35.2935044101724
9210,7am,12.7862665150532,17.81285702,26.23204917,43.1688273004397
9211,7am,24.0141102760933,23.87234686,27.168583,24.9449598633196
9212,7am,12.3099914398552,26.46176496,32.91613948,28.3121041195973
9302,7am,29.9305965659862,38.74218738,20.41168743,10.9155286230538
9303,7am,29.3428431397398,21.96824737,29.64000942,19.0489000633677
9304,7am,33.9383115229706,31.77021105,17.81933312,16.4721443067504
9305,7am,32.3387909270444,36.37762273,20.94809722,10.3354891180873
9306,7am,28.8578530451518,27.20883618,28.61819838,15.3151123983451
9307,7am,28.457861709215,34.80506447,24.9383826,11.7986912210892
9308,7am,30.9807664037669,29.81185095,29.73372889,9.47365375703186
9309,7am,39.476404579056,28.10558399,23.50893042,8.90908101082596
9310,7am,27.4376751408214,38.06235179,29.81364488,4.68632818447813
9311,7am,45.7734003044843,22.71794075,20.85984915,10.6488097952528
9312,7am,37.2087132556778,33.4652978,16.44853793,12.8774510161593
9402,7am,24.0500091001953,40.57849271,17.7377664,17.6337317834607
9403,7am,26.2967170551626,29.72328204,19.63039428,24.3496066305846
9404,7am,28.7983784032441,30.56374819,27.15331441,13.4845590009365
9405,7am,19.1151964250091,29.18314664,35.16939722,16.5322597076264
9406,7am,28.2884809181209,37.02812089,20.75115632,13.9322418735396
9407,7am,20.2660681899443,26.25642273,25.99709975,27.4804093282372
9408,7am,12.7266984504416,28.34192675,23.75841038,35.1729644202073
9409,7am,17.1767416264399,15.88031465,34.40031262,32.542631101322
9410,7am,26.9233406101466,33.08714114,28.49698587,11.4925323773438
9411,7am,36.599329517722,36.23488522,19.92691563,7.23886962694009
9412,7am,33.8686648672219,29.4960674,17.59322718,19.0420405446614
9413,7am,29.4842099328411,29.92973266,32.30025238,8.28580502372814
9414,7am,18.1381969792779,31.07269833,35.2833225,15.5057821948545
9501,7am,18.4402138393564,34.34878443,31.05343666,16.1575650724973
9502,7am,35.061151800851,31.69750135,20.99232992,12.2490169246001
9503,7am,27.0795297070857,32.47352076,24.76577472,15.6811748167333
9504,7am,26.6846695509606,32.94447086,25.79446514,14.5763944462028
9505,7am,32.1237532378351,36.80380693,26.73856732,4.33387250714247
9506,7am,38.733303364105,30.28475099,24.80742294,6.1745226985409
9507,7am,44.2143027098485,31.31472422,20.73244933,3.73852374761903
9508,7am,22.6624946751688,39.31682255,25.33202751,12.6886552641676
9509,7am,23.3298726773461,28.21972703,32.25190532,16.1984949756804
9510,7am,19.4823919893225,35.83189401,29.15493976,15.5307742410822
9511,7am,16.0892495751918,32.86002872,26.02736291,25.0233587863495
9512,7am,22.2369937487954,26.40519614,30.21264018,21.1451699308858
9513,7am,23.3875156798506,27.84282406,28.2191424,20.550517859854
7501,8am,11.1441821735832,17.2858405,21.60889372,49.9610836021436
7502,8am,9.02950264348692,11.92823502,31.03545432,48.0068080145839
7503,8am,15.5063638341389,19.83613002,23.87824409,40.7792620521637
7504,8am,10.5932899169811,20.4422422,27.43527047,41.5291974193549
7505,8am,13.9078581802749,15.46867253,20.65313676,49.9703325268293
7506,8am,14.5679302433673,17.57763195,31.06834927,36.7860885380173
7507,8am,13.3687080011634,17.47693922,30.18151038,38.9728423939429
7508,8am,5.26929470140127,14.68500902,25.54179682,54.5038994540079
7509,8am,13.8231449075312,11.33062988,21.31747203,53.5287531767909
7510,8am,9.19273835666421,12.70978468,28.86081893,49.2366580278084
7511,8am,13.8815095573202,13.93734745,29.63838234,42.5427606592901
7512,8am,21.3075389742708,14.50174305,22.50184271,41.6888752657266
7513,8am,30.4985768322655,25.5605018,17.11738556,26.823535805139
7514,8am,26.6418491570984,19.57907609,25.62300233,28.1560724191225
7701,8am,18.2843076821542,42.24717447,30.84765896,8.62085888314234
7702,8am,20.8131022282679,32.02806256,24.44036195,22.7184732636841
7703,8am,22.0411416220291,43.26655489,24.63252237,10.0597811163719
7704,8am,41.2459916444196,28.60398509,21.76233193,8.38769133331149
7705,8am,26.1530864602195,43.42835404,19.47320727,10.9453522292194
7706,8am,32.9026625509593,42.70171266,19.56131527,4.83430952212186
7707,8am,44.5921826032898,37.16935224,13.21508796,5.02337719825206
7708,8am,15.6671160704554,40.0431,25.96998309,18.3198008456897
7709,8am,29.5385591735128,34.24847325,30.48123505,5.73173252723321
7710,8am,13.6273024993681,26.70396004,43.77263976,15.8960976993533
7711,8am,33.2395023921703,31.92194065,19.45287773,15.3856792223381
7712,8am,24.443868604688,45.02422446,18.29136443,12.2405425030779
7713,8am,44.2058196880107,31.18577586,19.21994537,5.38845907567125
7714,8am,24.2705494318158,32.58664067,26.42762546,16.7151844357065
7715,8am,37.1106911911597,44.11869013,13.51811023,5.25250845577922
7716,8am,26.0101836773848,42.6591058,23.55524924,7.77546127981233
7801,8am,19.9675058327311,23.24508025,20.75597541,36.0314385124262
7802,8am,11.1362593144841,19.15379299,28.38008887,41.3298588206447
7803,8am,12.9277583270905,29.52519252,31.69034575,25.8567034078442
7804,8am,25.4695423256931,20.84463347,30.74069316,22.945131049492
7805,8am,13.8069536790701,38.3669196,28.95734323,18.8687834904057
7806,8am,26.3543099145468,42.68728793,19.82399734,11.1344048179851
7807,8am,36.0542681120121,37.96227707,19.3089661,6.67448871975751
7808,8am,35.2327401531845,40.24319567,16.96806702,7.55599715085941
7809,8am,19.5192827784104,34.02870981,25.20251038,21.2494970286371
7810,8am,12.9357227773642,34.9352636,32.29260603,19.8364075990364
7811,8am,13.9200390146018,22.22105285,33.14558775,30.7133203853361
7812,8am,7.77135242395851,23.90373588,29.7560254,38.5688862977576
7813,8am,19.5032729583389,30.82254763,29.35112448,20.3230549297479
7814,8am,10.2523501205537,37.67467796,29.1447811,22.9281908220681
7815,8am,20.4547086464733,32.02384711,33.00009707,14.521347174958
7816,8am,14.6237893547734,32.2152857,31.79163879,21.3692861557801
9101,8am,23.5874059076673,33.50383169,28.23972901,14.6690333956758
9102,8am,22.8694956727573,30.67576903,29.36650562,17.088229686623
9103,8am,33.0202311288053,29.9026196,24.79192229,12.2852269879075
9104,8am,27.6246362453795,33.9124362,21.996436,16.4664915521376
9105,8am,22.6623838227188,37.8933138,25.25651457,14.1877878114652
9106,8am,29.0362178091674,33.95329499,27.04014492,9.97034228368634
9107,8am,27.3401356376669,35.17107817,24.81933281,12.6694533865601
9108,8am,20.0883436092944,37.99565261,24.08826115,17.8277426229898
9109,8am,21.3595592756913,27.14282879,34.45641736,17.0411945722113
9110,8am,32.2650994937422,31.89100137,23.10694745,12.7369516904423
9111,8am,25.8768336236742,29.98634332,28.00899758,16.1278254795296
9112,8am,20.2336985637757,31.07701521,31.54325549,17.1460307383702
9113,8am,12.816985936224,26.22682227,30.45298739,30.5032044040285
9114,8am,9.15096522066327,21.34494412,39.72612356,29.7779670920285
9201,8am,24.7326183606578,21.8285204,31.04936178,22.3894994584634
9202,8am,17.6051136045737,29.79724543,29.76809067,22.8295502921579
9203,8am,15.5054577590369,19.18060045,29.40412358,35.9098182053209
9204,8am,21.0000452320363,33.09332851,27.69277836,18.2138478953049
9205,8am,10.4359594433326,26.43949308,26.43941028,36.6851371960749
9206,8am,8.5878017504299,25.62264203,25.28219959,40.5073566254963
9207,8am,4.65417573998155,11.0811632,35.26135521,49.0033058418451
9208,8am,12.2593194851778,20.30563911,26.32431971,41.11072169397
9209,8am,16.880001771029,17.92241424,31.72153064,33.4760533494421
9210,8am,13.5111211913418,21.09678813,22.65794621,42.7341444661686
9211,8am,21.4710252861142,25.05099197,26.13589134,27.3420914008233
9212,8am,13.5617034583421,27.09221705,30.84226036,28.5038191283142
9302,8am,31.5379316847852,38.94229856,17.36780313,12.1519666185248
9303,8am,28.8615729793666,24.84737832,28.23349491,18.057553791284
9304,8am,35.4536620814755,29.42330382,19.84276011,15.2802739899089
9305,8am,42.0334638675665,25.42740759,23.94985685,8.58927169550349
9306,8am,32.1350395257954,25.94835339,28.46758958,13.4490175083594
9307,8am,31.1353045492979,34.37357968,22.96426646,11.526849314345
9308,8am,32.1463333820794,28.35320809,30.41823107,9.08222745740339
9309,8am,40.6014456413787,28.16742451,21.97006079,9.26106905147141
9310,8am,28.8030512638573,36.4695517,29.77913435,4.94826268549263
9311,8am,43.900778957479,23.98847154,20.55844018,11.5523093212324
9312,8am,32.348508180051,35.41935914,17.84671993,14.3854127565029
9402,8am,23.9558971243578,38.68619557,20.69017116,16.6677361458718
9403,8am,27.8240173439005,29.64624737,19.16050673,23.3692285534743
9404,8am,29.6285996743176,33.07732748,24.29683643,12.9972364161985
9405,8am,22.3636428390561,29.22395707,34.3184473,14.0939527907184
9406,8am,28.6630294539897,34.67128472,21.42748466,15.2382011615002
9407,8am,22.1062064893471,26.65199303,22.75232823,28.4894722540888
9408,8am,15.8401924962431,29.22168061,25.18645913,29.7516677644559
9409,8am,19.2078074445297,19.13253666,33.67321736,27.9864385413868
9410,8am,28.0832728711054,35.15576994,23.4782054,13.2827517897559
9411,8am,39.0821045553235,36.56548015,16.56675477,7.78566051928383
9412,8am,33.403137568625,27.47386479,20.00246409,19.1205335471026
9413,8am,32.5278185879142,31.62361247,29.20831558,6.64025336082622
9414,8am,25.0943316243044,29.27737072,32.06227346,13.5660241968495
9501,8am,20.9014499978628,34.11029658,29.97406776,15.0141856630777
9502,8am,37.2843980611101,32.10203733,20.10650922,10.5070553848652
9503,8am,29.7811719859691,34.03155211,21.81450624,14.3727696665206
9504,8am,29.6196960668955,32.64137852,23.03513088,14.7037945347969
9505,8am,33.4392385334463,31.96881732,29.26618466,5.32575948886389
9506,8am,38.1522652193126,29.1707428,23.80585629,8.87113569434624
9507,8am,47.3057616130613,28.04839881,19.87732065,4.76851892005633
9508,8am,23.9165294239886,33.93971767,28.02680473,14.1169481738885
9509,8am,24.9606208572248,30.31086929,31.73595133,12.9925585163497
9510,8am,20.7921218943407,38.38365415,25.78971348,15.0345104759742
9511,8am,19.4409371540624,30.26955512,25.07511208,25.214395644679
9512,8am,24.8339094787474,20.660585,30.9086369,23.5968686219305
9513,8am,26.4159284229605,32.43539138,23.64251379,17.5061664077208
7501,9am,10.5729225230163,18.65097084,25.64151078,45.1345958621515
7502,9am,10.1135487561279,14.54556525,33.44431018,41.8965758102548
7503,9am,13.4212462102288,20.64643776,31.40949398,34.522822051069
7504,9am,9.07021114949548,26.09652282,25.73316221,39.1001038218494
7505,9am,14.3942861068324,16.36806769,21.37356748,47.8640787238823
7506,9am,17.8132960586517,20.59286907,31.78329272,29.8105421466613
7507,9am,14.3897701684149,21.6511822,29.64912082,34.309926814795
7508,9am,8.2990117762551,18.0009266,27.30951943,46.3905421958765
7509,9am,15.2478121003882,13.98426062,25.97473515,44.7931921346476
7510,9am,11.0000471280439,14.4524865,29.18409772,45.3633686572549
7511,9am,15.8765892803463,19.37590157,28.09778415,36.6497250036926
7512,9am,22.902032981114,16.64395899,26.04881222,34.4051958047443
7513,9am,28.9449830392829,27.19892655,17.27286374,26.5832266714697
7514,9am,29.2347801981286,22.48474883,21.22021274,27.06025823261
7701,9am,19.0802854839135,40.97485352,30.65236987,9.29249112450176
7702,9am,19.1117528468957,33.44631703,21.55343121,25.8884989192195
7703,9am,24.1457865153021,40.25968265,24.63409863,10.9604322063875
7704,9am,41.1532817286353,27.05074099,21.85174257,9.94423470977358
7705,9am,23.1252518666585,45.62740583,21.93761042,9.30973188064969
7706,9am,31.4153156121401,43.92188765,18.49081116,6.17198557897308
7707,9am,41.7267542419617,38.49801545,13.57395834,6.20127196999142
7708,9am,18.3038601115949,43.62955551,24.65390909,13.4126752821378
7709,9am,29.2966858970022,35.98678626,26.52989702,8.18663083190403
7710,9am,17.2088751549878,23.52298383,48.34186534,10.9262756707945
7711,9am,36.5106999904831,30.32344705,19.49274069,13.6731122668651
7712,9am,26.8878562768475,45.91085289,17.70017408,9.50111674798046
7713,9am,42.2506494407816,34.03024237,19.34807936,4.37102881982523
7714,9am,23.9715079651066,37.48948189,22.33635757,16.202652569709
7715,9am,36.4148202865225,43.38537832,14.56223708,5.63756431628696
7716,9am,21.5076223750148,42.24048672,24.90040988,11.3514810260063
7801,9am,24.4105666411138,22.19427281,21.55748122,31.8376793366851
7802,9am,12.9532381482516,23.43736106,28.64333025,34.9660705384208
7803,9am,12.4749342074142,34.88102443,33.14690888,19.4971324862853
7804,9am,27.5454771420797,24.98661791,30.95471227,16.5131926731292
7805,9am,13.5899839602902,40.63628415,30.78983553,14.983896359635
7806,9am,27.6637326488414,42.64832362,19.10193387,10.586009862338
7807,9am,36.8500861711328,36.30770282,18.5633619,8.27884910756767
7808,9am,37.4904904580239,39.88677378,13.45708801,9.16564775266183
7809,9am,20.996718052022,36.41056609,22.64954023,19.9431756224439
7810,9am,13.9464040329599,32.98368043,32.77986892,20.2900466101722
7811,9am,15.3297447278955,21.7554206,31.77427581,31.1405588589985
7812,9am,7.36283280316323,27.70248074,30.57091578,34.3637706786786
7813,9am,20.161341044997,32.2194903,29.71721587,17.9019527819848
7814,9am,10.3814917051668,41.43962717,31.26098309,16.917898036615
7815,9am,22.9562188577696,34.15811909,30.97839806,11.9072639924078
7816,9am,16.3572595511909,29.11585502,31.36172777,23.1651576502145
9101,9am,24.4286100453169,31.97911222,26.32204202,17.2702357152415
9102,9am,22.5653350453762,32.06998675,28.87164917,16.4930290276174
9103,9am,33.6331073766407,28.58171769,23.92643795,13.8587369864739
9104,9am,28.7526811938331,39.78099788,17.80606237,13.6602585536399
9105,9am,22.2356757582374,36.18007098,22.71425187,18.8700013864527
9106,9am,29.18375924927,34.81014277,26.22759053,9.77850745043548
9107,9am,32.0347696532188,33.52550966,19.85458031,14.5851403777274
9108,9am,21.6011626056929,38.92076797,24.12034803,15.3577213928646
9109,9am,24.1466579700607,29.71741127,32.50913767,13.6267930886071
