"secteur","hour","cs1","cs2","cs3","cs4","cs5"
7501,"4am","2.30087992878831","6.74419677794939","16.5439529324746","30.7361194446978","43.6748509160901"
7502,"4am","14.6071502952635","7.46510543901912","9.60589264687256","26.3541697662303","41.9676818526144"
7503,"4am","10.9533811392357","9.64789116446089","13.2933592108573","24.8554555865835","41.2499128988625"
7504,"4am","11.1696812500085","12.4395351821915","15.1347139055374","29.9365038271421","31.3195658351206"
7505,"4am","11.2098391630401","13.7611032401064","13.45417257868","25.7024936928136","35.8723913253601"
7506,"4am","10.2601483124824","11.7754214898062","22.5213012183181","19.3014555918494","36.1416733875439"
7507,"4am","10.9745254368458","12.4355195036218","19.3027587727053","24.5769180713935","32.7102782154336"
7508,"4am","9.69479008510629","8.42959640902363","18.9373441408743","25.8708548755144","37.067414489481"
7509,"4am","11.6996465282092","12.3558161520341","11.881766947732","31.7081381372782","32.3546322347466"
7510,"4am","15.2421118552278","9.32008419724236","9.39533466836039","29.7970019772447","36.2454673019247"
7511,"4am","14.6702470231248","11.6193927483341","10.6902437473577","25.9339677417829","37.0861487394002"
7512,"4am","13.3455209768709","20.6773903075607","8.18503643237252","28.8087980358591","28.9832542473371"
7513,"4am","19.3560807261084","20.9122640397685","17.1375956705291","21.9487205183134","20.6453390452805"
7514,"4am","14.7286327349739","15.3804203981075","14.1035325940637","29.6271038706177","26.1603104022369"
7701,"4am","7.19683068441886","23.7288644672572","38.5119216484504","20.9362849016475","9.62609829822612"
7702,"4am","11.6257314911483","26.8611523955588","17.5208830510584","33.606455728234","10.3857773340009"
7703,"4am","10.7059595781884","27.8979276575263","29.657342936726","27.173335081236","4.56543474632332"
7704,"4am","21.0599307408888","29.9664291071774","29.4979178842453","14.6639248335576","4.81179743413072"
7705,"4am","6.04283442483113","39.6191756548308","29.8658127511898","23.5564474461429","0.915729723005412"
7706,"4am","15.9686506801705","34.1313793012255","25.2042173003451","22.0576138818806","2.63813883637848"
7707,"4am","22.1457830184949","30.766609957607","24.2659698427514","18.1377127953015","4.68392438584503"
7708,"4am","9.02116852018172","20.018772454946","28.4155615623089","31.4090039433286","11.1354935192348"
7709,"4am","13.883583285114","34.2766423271707","29.9172306848283","16.9109223852419","5.011621317645"
7710,"4am","8.81745378685642","34.7336518056333","22.305088747173","24.9763209264902","9.16748473384705"
7711,"4am","9.06012975560566","30.5517805254503","38.1635352353288","7.56243186006514","14.6621226235502"
7712,"4am","25.805710470214","24.0004106647219","23.2609621879841","20.9283264762482","6.00459020083195"
7713,"4am","20.2608887598453","30.7031521735103","23.7037741321248","18.7180961152317","6.61408881928779"
7714,"4am","16.3957491083116","22.5175490258506","24.5234703515147","24.409949691631","12.153281822692"
7715,"4am","20.4430364034459","36.2550077943138","22.8786407794773","14.9449011815789","5.47841384118415"
7716,"4am","13.3046906268893","28.603236542882","29.0187657783228","21.441043863511","7.63226318839486"
7801,"4am","5.24572608232191","31.2472818271514","16.5715986273324","31.287659925306","15.6477335378881"
7802,"4am","25.6745602084386","4.39489817834213","20.8045232392785","31.1295703785567","17.9964479953842"
7803,"4am","11.9448510929928","14.840282140332","28.4121629789799","25.6286839633986","19.1740198242967"
7804,"4am","16.8865632909589","20.7173414042996","20.3725320847068","29.3449641174191","12.6785991026156"
7805,"4am","16.4621518295227","20.8664575054852","25.8858411423352","19.1918438760573","17.5937056465995"
7806,"4am","13.9530097083113","33.1962301616482","24.3105564959223","21.7441569053906","6.79604672872755"
7807,"4am","27.6701234271646","23.6606943402613","23.9977660611955","19.7276457392924","4.94377043208631"
7808,"4am","16.2099124356328","30.7829902539108","23.9876328111188","22.127705943219","6.89175855611876"
7809,"4am","16.1162675473207","18.5993164489238","26.6778008752127","28.1980873600331","10.4085277685097"
7810,"4am","16.9901866484856","18.3273778314075","15.6101390172179","40.7878582509514","8.28443825193768"
7811,"4am","11.7044958313941","16.1854617359841","15.0893732371681","36.8821003759718","20.1385688194819"
7812,"4am","16.1485780609838","9.57837285926713","17.9372227760516","31.2081454073827","25.1276808963153"
7813,"4am","22.7528664181291","16.196138618118","23.7610146030249","22.1104788712818","15.1795014894462"
7814,"4am","13.7681052207407","10.8755179589201","27.9058475735036","32.1818843673724","15.2686448794633"
7815,"4am","16.6798372636031","22.5720493400077","23.808571024283","26.7631612501474","10.1763811219588"
7816,"4am","10.6391346845836","23.3898446182595","21.820955935915","26.4476653573262","17.7023994039153"
9101,"4am","18.4761233565679","26.6747210721437","20.5064622707816","25.8500967893983","8.49259651110872"
9102,"4am","12.5756338456439","24.9035765461384","22.9146186587542","31.0793219413847","8.52684900807893"
9103,"4am","13.5933978178596","30.0834804481813","19.9272002012028","25.4008822508343","10.9950392819218"
9104,"4am","10.4422411426442","18.4437688774371","33.7490916147051","27.2197469118013","10.1451514534122"
9105,"4am","11.0347587746221","29.7302242809911","23.1853842472338","23.6336524990987","12.4159801980542"
9106,"4am","17.823010702606","33.4197880931067","20.3737396174138","17.8870938444431","10.4963677424304"
9107,"4am","14.4898730562992","21.7812931730962","24.1962582640022","30.3806300331509","9.15194547345159"
9108,"4am","13.1426263970446","21.644886986697","23.3242518127473","27.4597399000809","14.4284949034303"
9109,"4am","6.39651495396626","29.9585095710088","30.9638203106489","21.4118530048605","11.2693021595155"
9110,"4am","20.2815184299923","36.1461078878632","22.2813633091198","16.9147275562756","4.37628281674917"
9111,"4am","18.3030727333705","25.3686643237173","22.1214697237045","20.6423151910529","13.5644780281547"
9112,"4am","10.7428510786835","21.3399871244998","24.9065368286537","29.6179252619587","13.3926997062044"
9113,"4am","7.88511228253117","19.4410426876803","20.816738818365","33.2220548741317","18.635051337292"
9114,"4am","13.9759111110191","18.9689328533377","10.3158128366686","28.1566749903566","28.5826682086179"
9201,"4am","13.2299074553929","22.0223893056616","26.9562126426928","24.0952535589103","13.6962370373429"
9202,"4am","13.5463504240492","24.9898604903116","24.2325781833679","23.5102033350827","13.7210075671886"
9203,"4am","16.7570234021243","17.2891557531295","13.0398557538318","26.7024038038514","26.2115612870631"
9204,"4am","16.3920726719236","17.3214943241709","29.1997387265425","19.0398619456444","18.0468323317187"
9205,"4am","6.17026317988261","14.3778178304711","21.4843219029453","24.2078178565365","33.7597792301645"
9206,"4am","12.1692207549816","19.3138739012228","14.6074262418974","28.7618554577035","25.1476236441947"
9207,"4am","15.8243064832187","7.50318591617634","17.777480229","28.254851517175","30.6401758544299"
9208,"4am","11.9488600806431","10.9085741223647","17.164550221399","30.1772790178651","29.800736557728"
9209,"4am","10.372561125454","12.3977126640816","22.9912168059257","30.5538339934583","23.6846754110803"
9210,"4am","10.8799615380106","16.3251595753248","13.2929506109606","26.9778343316389","32.5240939440652"
9211,"4am","13.0817765175088","20.4472783200688","28.207873219706","20.5807485685007","17.6823233742158"
9212,"4am","9.41719211002026","20.1576807402487","21.801173015563","26.4593244087572","22.1646297254107"
9302,"4am","9.5540375946867","29.387169483657","33.2292288405059","20.4930483135384","7.33651576761204"
9303,"4am","26.2159624063396","28.3939756030254","18.0185123919737","17.9722362094959","9.39931338916558"
9304,"4am","17.7185840824905","32.2066724056767","22.4384492419522","16.479350527958","11.1569437419223"
9305,"4am","18.3574775554857","36.8642907265076","19.8335382568381","16.163881899213","8.7808115619555"
9306,"4am","8.73280281990065","25.2962137545637","30.2542231872235","24.0892609663618","11.6274992719503"
9307,"4am","31.3311814012062","24.9728022591374","21.2405927594652","19.0047946913047","3.45062888888656"
9308,"4am","21.7148254371592","38.9435240005976","17.8920515151774","14.11820112238","7.33139792468571"
9309,"4am","22.0564668079088","30.1738210122112","23.4469459957491","17.4551562527683","6.8676099313626"
9310,"4am","22.0829273837387","34.7205849765945","22.7248870883277","15.9306877017634","4.54091284957566"
9311,"4am","25.5253640387903","31.1273103708282","24.0128223378607","14.6964985008465","4.63800475167456"
9312,"4am","27.3507098696926","33.1035256341867","18.7717826113882","15.0011065832369","5.77287530149583"
9402,"4am","13.6779273842823","34.127270356983","17.5652448098567","23.4624831144307","11.1670743344471"
9403,"4am","9.96436528666346","26.9502921722893","22.2306222794373","24.0889673747475","16.7657528868624"
9404,"4am","15.4525798109529","34.8772862324195","21.5882948014688","19.1288371071457","8.95300204801314"
9405,"4am","8.11847612770522","20.5207383091685","28.8959749782519","32.0407644233948","10.4240461614795"
9406,"4am","17.0466527957241","33.4916891243597","19.7992155325062","20.0212432591258","9.64119928828422"
9407,"4am","12.4447593780148","23.8390326088182","19.6712449656664","26.7698429642214","17.2751200832795"
9408,"4am","9.45892946809531","17.3550186303478","17.9476389654639","33.9166561612827","21.3217567748102"
9409,"4am","8.85978848366762","15.0276817901838","17.8035257116665","32.2850393784983","26.0239646359839"
9410,"4am","15.733213231099","22.8156559263951","29.844244174651","21.0604105458663","10.5464761219886"
9411,"4am","20.5474465339472","29.3967560065759","26.9938121827799","14.7007284327307","8.36125684396622"
9412,"4am","15.6303006861828","29.2643848300158","19.5325467653934","23.7078191457796","11.8649485726285"
9413,"4am","17.6780723791371","31.5492141030931","26.4079379972865","17.8393517864531","6.52542373403019"
9414,"4am","16.7788487888909","19.4816563891218","26.5092939654348","25.5476384566606","11.6825623998919"
9501,"4am","10.0121946034969","26.5902108817196","29.8614148776797","26.6678886324679","6.86829100463582"
9502,"4am","16.8519974416479","35.8991952896186","17.4792600790658","22.6969428191439","7.07260437052381"
9503,"4am","12.0157520121134","34.8979081124898","16.2901469436538","29.9048458228685","6.89134710887455"
9504,"4am","12.3073086643756","26.5952905072458","23.9989849815483","24.518480151145","12.5799356956852"
9505,"4am","16.7508349150111","28.6114859161032","34.773501909648","16.4590172411258","3.40516001811194"
9506,"4am","23.986079283183","38.0857971728904","21.0978084421585","10.9508762472068","5.87943885456142"
9507,"4am","26.8168930772169","44.5499272676747","18.2832656376777","8.24962065923402","2.10029335819658"
9508,"4am","25.3216003556033","27.780408944198","28.3102520263624","12.7999079780604","5.78783069577604"
9509,"4am","13.9163043331028","24.6814207209069","24.3067742790796","31.470913245717","5.62458742119373"
9510,"4am","13.3227333249847","21.8782393438851","28.1603459802337","26.4533810718171","10.1853002790794"
9511,"4am","6.84511431859814","19.5015496168754","27.5120402699975","29.9677523933","16.1735434012289"
9512,"4am","14.5814744351747","17.5758528407889","27.4999268613345","25.1449437659905","15.1978020967114"
9513,"4am","17.5031839447888","26.6590688843237","11.8715250827383","33.0791759433817","10.8870461447676"
7501,"5am","2.30087992878831","6.74419677794939","16.5439529324746","30.7361194446978","43.6748509160901"
7502,"5am","14.5674824858494","7.44483287566315","9.85137079628312","26.2826012424306","41.8537125997739"
7503,"5am","10.9533811392357","9.64789116446089","13.2933592108573","24.8554555865835","41.2499128988625"
7504,"5am","11.1175381025468","12.3814640069411","15.5308884272766","29.7967519847567","31.1733574784788"
7505,"5am","11.2098391630401","13.7611032401064","13.45417257868","25.7024936928136","35.8723913253601"
7506,"5am","10.2601483124824","11.7754214898062","22.5213012183181","19.3014555918494","36.1416733875439"
7507,"5am","10.9578315951444","12.4166032784727","19.425510957165","24.5395330216115","32.6605211476061"
7508,"5am","9.73450792524464","8.05444866272866","19.0149270901315","25.9768431918335","37.2192731300612"
7509,"5am","11.6175816360721","12.2691486858558","12.4998551329866","31.4857275772816","32.1276869678041"
7510,"5am","15.3865877043514","9.57048441774406","9.48439050044616","28.9695091100281","36.5890282674303"
7511,"5am","14.2990923984369","12.2150764772392","10.3293503864886","25.9900842079309","37.1663965299046"
7512,"5am","13.3756235925868","20.4984675033262","8.20349888181688","28.8737801506835","29.048629871587"
7513,"5am","19.3560807261084","20.9122640397685","17.1375956705291","21.9487205183134","20.6453390452805"
7514,"5am","14.7656413245264","15.419066732489","13.8877008082192","29.7015478021426","26.2260433326225"
7701,"5am","7.31412727174024","23.4182506065679","38.5304244983956","21.2723563586247","9.4648412646712"
7702,"5am","11.688360906333","26.4671433599782","17.6152704588392","33.7874983293201","10.4417269455295"
7703,"5am","10.7264668328815","27.7598162112212","29.7141515469849","27.2253855769718","4.57417983194071"
7704,"5am","21.0392389833672","30.5541491214519","28.9500248719374","14.649517265902","4.80706975734133"
7705,"5am","6.14829797101261","39.1723966165539","29.7800236090041","23.9675701591697","0.931711644259962"
7706,"5am","16.2541774601815","32.953618227446","25.6548802369075","22.4520141097119","2.68530996575313"
7707,"5am","22.5691344514768","30.7564989706205","23.4164579497018","18.4844436693687","4.77346495883224"
7708,"5am","9.04297186692357","20.0671560137061","28.4842393993564","31.2432257221319","11.1624069978821"
7709,"5am","14.0110205022509","33.6733685446958","30.1918405275916","17.0661475057123","5.05762291974935"
7710,"5am","8.81024391599115","35.1941988227402","22.2868502836219","24.5487183285754","9.15998864907154"
7711,"5am","9.08228973311855","29.9416548922765","38.6971423287091","7.58092865034103","14.6979843955549"
7712,"5am","26.0862828358691","23.8035154048625","22.8844571767215","21.1558695262805","6.06987505626661"
7713,"5am","20.1697695298034","30.5196102566032","23.7672855243423","18.8741158748376","6.66921881441362"
7714,"5am","16.439542942089","23.0030353222621","24.4178405003168","24.3048088075425","11.8347724277895"
7715,"5am","20.6179159487731","36.2314957562277","22.552562433065","15.0727470393084","5.5252788226259"
7716,"5am","13.4082389188308","28.462160698189","28.8300204044245","21.6079160991587","7.69166387939696"
7801,"5am","5.27830316481777","31.4413341398112","16.0534903861925","31.4819629946035","15.7449093145751"
7802,"5am","25.5437799865798","4.37251159200358","21.2079265278606","30.9710036071134","17.9047782864427"
7803,"5am","11.9448510929928","14.840282140332","28.4121629789799","25.6286839633986","19.1740198242967"
7804,"5am","16.9747562042484","20.3032744023636","20.4789310555735","29.4982231217113","12.7448152161032"
7805,"5am","16.4621518295227","20.8664575054852","25.8858411423352","19.1918438760573","17.5937056465995"
7806,"5am","13.8262946662534","33.4057712581847","24.4869199051825","21.54668612207","6.73432804830942"
7807,"5am","27.1250565698179","23.3160667797717","24.4364559574662","20.0882759263259","5.03414476661842"
7808,"5am","16.3709284354281","30.5320564809272","24.2259063178476","21.9108931221605","6.96021564363654"
7809,"5am","16.0472720484804","18.9478016519064","26.5635903004662","28.0773682730587","10.3639677260884"
7810,"5am","16.9901866484856","18.3273778314075","15.6101390172179","40.7878582509514","8.28443825193768"
7811,"5am","11.7044958313941","16.1854617359841","15.0893732371681","36.8821003759718","20.1385688194819"
7812,"5am","16.1296452743273","9.56714306001325","18.0334341605921","31.1715566032966","25.0982209017705"
7813,"5am","22.7528664181291","16.196138618118","23.7610146030249","22.1104788712818","15.1795014894462"
7814,"5am","13.7681052207407","10.8755179589201","27.9058475735036","32.1818843673724","15.2686448794633"
7815,"5am","16.7491707236709","22.6658750924315","23.4918643733181","26.8744082930592","10.2186815175204"
7816,"5am","10.666614733131","23.1919666092372","21.877317749751","26.5159775978918","17.7481233099891"
9101,"5am","18.3072355369212","27.3449778269895","20.3190153894883","25.6138044460229","8.41496680057803"
9102,"5am","12.5360021582817","24.8250937617325","23.1575506469946","30.9813765029498","8.49997693004136"
9103,"5am","13.3806117087751","29.6010011311417","20.1731860931922","25.7144365191058","11.1307645477852"
9104,"5am","10.5427593461681","17.9661225472224","33.310803953591","27.9375043152954","10.242809837723"
9105,"5am","10.9682857709762","29.912219666018","23.2870236012978","23.4912841971878","12.3411867645202"
9106,"5am","17.7940905080314","33.5278233019326","20.3406805274666","17.8580696664865","10.4793359960828"
9107,"5am","14.4898730562992","21.7812931730962","24.1962582640022","30.3806300331509","9.15194547345159"
9108,"5am","13.1426263970446","21.644886986697","23.3242518127473","27.4597399000809","14.4284949034303"
9109,"5am","6.33472326845375","29.6691040407852","30.9773218453771","22.0677319898125","10.9511188555714"
9110,"5am","20.3556013539825","35.3570305652293","22.6469860331967","17.192287267517","4.44809478007441"
9111,"5am","18.0709644701715","26.1496623561572","22.0063693776593","20.3805420998786","13.3924616961332"
9112,"5am","10.7428510786835","21.3399871244998","24.9065368286537","29.6179252619587","13.3926997062044"
9113,"5am","7.87249759182943","19.5699218073854","20.7834359670925","33.1689058596729","18.6052387740198"
9114,"5am","13.9759111110191","18.9689328533377","10.3158128366686","28.1566749903566","28.5826682086179"
9201,"5am","13.335724308041","21.9955328179504","26.9233393162098","24.0658691959276","13.6795343618712"
9202,"5am","13.4907167678634","24.8872293562327","24.1330571403601","23.8243401258916","13.6646566096524"
9203,"5am","16.7543036545998","17.5179413225538","13.0377393209455","26.4827086804802","26.207307021421"
9204,"5am","16.4624494646737","16.9665271290338","29.3251032244827","19.121606606308","18.1243135755019"
9205,"5am","6.17026317988261","14.3778178304711","21.4843219029453","24.2078178565365","33.7597792301645"
9206,"5am","12.1212750705692","19.6317703069403","14.5498742373137","28.6485362179054","25.0485441672715"
9207,"5am","15.8243064832187","7.50318591617634","17.777480229","28.254851517175","30.6401758544299"
9208,"5am","11.9488600806431","10.9085741223647","17.164550221399","30.1772790178651","29.800736557728"
9209,"5am","10.3800862152348","12.406706961608","23.0078964830606","29.9517550468105","24.2535552932863"
9210,"5am","10.8671930076332","16.3060006568649","13.2773502392968","26.9461736225475","32.6032824736577"
9211,"5am","13.0817765175088","20.4472783200688","28.207873219706","20.5807485685007","17.6823233742158"
9212,"5am","9.41719211002026","20.1576807402487","21.801173015563","26.4593244087572","22.1646297254107"
9302,"5am","9.5395112126863","29.1107851185332","33.1787056489304","20.8456370158169","7.32536100403317"
9303,"5am","26.3177801053352","28.3547935610075","17.993647888337","17.9474355643111","9.3863428810091"
9304,"5am","17.8860031833157","32.1411410572599","22.3927934282536","16.4458197723578","11.1342425588132"
9305,"5am","18.3049344203915","37.0449990014654","19.7767703116302","16.1176173169625","8.75567894955042"
9306,"5am","8.75833288186968","25.0778196912257","30.342670414159","24.1596851289065","11.661491883839"
9307,"5am","31.5165782569819","24.8319514911612","21.0631705801589","19.1172522822047","3.47104738949324"
9308,"5am","21.9489809450004","38.2851392401029","18.0849852516691","14.2704406401778","7.41045392304999"
9309,"5am","21.8357844085684","30.7472383021728","23.3375685951038","17.2805115194903","6.7988971746647"
9310,"5am","22.2872895297583","34.1164693576247","22.9351901252721","16.0781151451329","4.58293584221162"
9311,"5am","25.3865212402493","31.2252109373521","24.2210190458126","14.5693654101878","4.59788336639792"
9312,"5am","27.4106289680051","33.1455469350756","18.6243312083107","15.0339705485395","5.7855223400694"
9402,"5am","13.7893826083188","34.2485036704597","17.7083760197642","22.9956679452029","11.2580697562541"
9403,"5am","9.96436528666346","26.9502921722893","22.2306222794373","24.0889673747475","16.7657528868624"
9404,"5am","15.1013598197212","34.781905382302","21.5315987747385","19.6556467004356","8.92948932280261"
9405,"5am","8.74825920360996","21.3619817970079","27.3237143300176","32.6547332942721","9.91131137509222"
9406,"5am","16.9103796676865","33.2948878947115","20.0872588331127","19.9260120487308","9.78146155575853"
9407,"5am","12.5502166325385","23.1936423462202","19.8379396701704","26.9966913955397","17.4215099555311"
9408,"5am","9.41401253299884","17.9231137869027","17.8624123087618","33.5799536827393","21.2205076885974"
9409,"5am","8.86807055487423","14.6004761341995","17.9116490222027","32.5715126240991","26.0482916646247"
9410,"5am","15.8479846463671","22.2526077889456","30.0619534303014","21.2140430612954","10.6234110730906"
9411,"5am","20.6546124084196","29.0285224953881","27.1345992865755","14.777400559132","8.40486525048482"
9412,"5am","15.2585547936283","29.5653590935348","19.5576323704161","23.7382670435466","11.880186698874"
9413,"5am","17.3949181681529","32.6456078645963","25.9849552938009","17.5536143219134","6.42090435153646"
9414,"5am","16.8065794367816","19.3485825493426","26.5531062618584","25.5898614110119","11.7018703410056"
9501,"5am","9.80965051639762","26.2542143397882","30.115077264637","26.8944231189728","6.92663476020435"
9502,"5am","17.2613029056511","35.8015978384592","17.3639465771982","22.5472074215168","7.0259452571746"
9503,"5am","11.9694601558337","35.1487202695753","16.2273875641052","29.7896344883218","6.86479752216407"
9504,"5am","12.4150671487264","25.9525845790159","24.209111689027","24.733155376389","12.6900812068416"
9505,"5am","16.7448674197662","28.4042226547695","34.7611138281973","16.6858491695064","3.40394692776037"
9506,"5am","24.4122918659287","37.1697138140631","21.2886185846427","11.1454641660386","5.98391156932705"
9507,"5am","26.958086696233","44.2579770995014","18.3795288563654","8.29305573551347","2.11135161238678"
9508,"5am","25.5525098972661","27.4704044277192","28.2198440409606","12.9166312831846","5.84061035086952"
9509,"5am","13.9529352833591","24.4831646994155","24.3707553632953","31.5537520102358","5.63939264369433"
9510,"5am","13.3227333249847","21.8782393438851","28.1603459802337","26.4533810718171","10.1853002790794"
9511,"5am","6.84511431859814","19.5015496168754","27.5120402699975","29.9677523933","16.1735434012289"
9512,"5am","14.5814744351747","17.5758528407889","27.4999268613345","25.1449437659905","15.1978020967114"
9513,"5am","17.4499364315144","26.8821838453191","11.8354099855409","32.9785437460794","10.8539259915463"
7501,"6am","2.23127188111922","7.57572019877818","17.7303804838818","30.1090628099842","42.3535646262365"
7502,"6am","14.5018630481051","7.86174897856108","9.80699515256492","26.1642108810444","41.6651819397249"
7503,"6am","11.2016623436953","11.6862114447829","12.9105241731783","24.1396440956665","40.0619579426769"
7504,"6am","10.4900786422382","12.8886105211876","14.5862422267978","30.3035150083234","31.731553601453"
7505,"6am","11.1524411666987","14.0551922832187","13.3852828705214","25.7183705815249","35.6887130980367"
7506,"6am","10.6148801200183","12.0433997536576","22.2301992233096","19.3912228513784","35.7202980516359"
7507,"6am","11.0450999504417","12.4503427268701","19.5338688465436","24.0500583882841","32.9206300878608"
7508,"6am","9.30888095539402","8.44965803091936","18.9824131832613","25.9324250009923","37.3266228294331"
7509,"6am","11.6096718446379","12.7199310805422","12.4913446486055","31.0732394861677","32.1058129400469"
7510,"6am","15.8255509697983","10.3258275403357","9.33344665428166","28.5084600709402","36.0067147646441"
7511,"6am","14.4597682654092","13.0702024333882","10.3540827230306","25.5618847561098","36.554061822062"
7512,"6am","13.191410097782","20.042983250762","8.81105344058613","28.8898032298441","29.0647499810258"
7513,"6am","19.5043721340704","20.3586059320215","17.7227053784167","21.8560989393801","20.5582176161115"
7514,"6am","15.0579487712317","14.8782907652257","13.6538751147075","29.6646591649397","26.7452261838954"
7701,"6am","7.56021019322517","25.2223767970998","35.446066114924","21.988062198175","9.78328469657598"
7702,"6am","11.8635447122798","26.0404127672253","17.6201003394217","33.8777158357019","10.5982263453713"
7703,"6am","10.2430291047676","28.0190157190235","30.9037691264448","26.2958803675095","4.53830568225471"
7704,"6am","21.4932715787002","29.2757733465246","29.354489523156","14.9656578995947","4.91080765202458"
7705,"6am","6.01564330069982","39.2702811136424","29.1813400599687","24.5446174292593","0.988118096429744"
7706,"6am","16.4687137048628","33.2861362923596","25.8017913125433","21.6575518721306","2.78580681810387"
7707,"6am","22.6000199165416","30.5482601056195","23.039722191265","18.9248112879487","4.88718649862516"
7708,"6am","8.5161675889404","17.1297638347181","29.3658690090645","33.1459851853448","11.8422143819323"
7709,"6am","13.8903517629014","35.9530048709424","28.6976470752177","16.4449317245391","5.01406456639935"
7710,"6am","8.3452685947124","35.273535747935","22.7028483717489","24.5266085653914","9.15173872021219"
7711,"6am","9.44694664992478","28.1646379097053","38.6847219524766","9.01042661112839","14.693266876765"
7712,"6am","25.3249721850814","24.2968628895059","22.5881443366168","21.5943423668972","6.19567822189889"
7713,"6am","20.320635641313","30.1980494697311","23.4153880879215","19.2086167949843","6.85731000605004"
7714,"6am","16.7676859859294","22.1385971012937","24.470387613485","24.5523277828169","12.0710015164748"
7715,"6am","20.5282412442902","35.6978355226372","23.0754378158942","15.045104420434","5.65338099674438"
7716,"6am","13.5939939362049","28.0033947212526","28.9932483684835","21.4798042816606","7.92955869239835"
7801,"6am","5.41200217425816","31.614657976069","15.4887620602672","32.2793986734923","15.2051791159132"
7802,"6am","25.742935182696","3.94246929558392","21.3732767136629","30.8969437339454","18.0443750741119"
7803,"6am","11.9537501264059","14.2577940027332","28.145779685945","25.6477775890245","19.9948985958912"
7804,"6am","16.9258993127982","20.0549211914886","20.8977254395083","29.4133210784838","12.7081329777209"
7805,"6am","16.6780139462723","20.6906169440353","25.9686640156288","18.723568123451","17.9391369706124"
7806,"6am","13.4942116684325","33.4254121306662","24.2582107700893","22.1199331278763","6.70223230293552"
7807,"6am","28.1082999021699","23.4218676744217","24.7447512050894","18.5084561216362","5.21662509668269"
7808,"6am","16.9198480297603","28.2043384520178","25.0366523066426","22.6455685323861","7.19359267919314"
7809,"6am","14.9625577450661","18.9814832433517","26.5177731811073","28.878502152878","10.6596836775969"
7810,"6am","17.2062351828262","18.5604301927914","14.8386074750345","41.004943336517","8.38978381283097"
7811,"6am","12.0913106784318","16.4833501759237","15.0365626322861","36.3206897466496","20.0680867667088"
7812,"6am","16.1670358168134","9.58932089858145","17.5973120559711","31.4899295002558","25.1564017283785"
7813,"6am","24.2225163907048","15.9225140044134","23.244214565224","21.5005194864261","15.1102355532315"
7814,"6am","14.0749995147445","10.2565327538356","27.7193944066326","32.3400867704494","15.6089865543381"
7815,"6am","17.0251188458016","22.3239906103696","23.8789006013269","27.3171730498457","9.45481689265639"
7816,"6am","10.6958769254919","21.5808865495345","22.190281424651","27.4011844174642","18.1317706828588"
9101,"6am","17.8661953292156","28.52040145832","19.9612480979662","25.3303216282335","8.32183348626467"
9102,"6am","12.4454941164663","25.3360345483157","22.2334623503164","31.294510075717","8.69049890918459"
9103,"6am","13.6632530779277","29.2987456171518","20.5993083857784","25.0728109791197","11.3658819400221"
9104,"6am","10.635874420157","18.1684048414976","33.2314630362176","27.6309819849726","10.3332757171553"
9105,"6am","11.1015953790453","29.4266723568144","23.5700563426219","23.4104931772217","12.4911827442967"
9106,"6am","18.1734674199755","32.5581255488123","20.7743517264451","18.2388106389063","10.2552446658609"
9107,"6am","14.0970904033547","21.6566991298175","24.8729416272415","30.3800468545376","8.99322198504878"
9108,"6am","13.4165776736552","20.4777997962954","23.557421718056","27.8189513653726","14.7292494466205"
9109,"6am","6.44978441058927","29.121129918556","31.5399803674278","21.8838725797621","11.005232723665"
9110,"6am","20.5911094618948","35.3210607074424","22.6500846720836","16.8512082552034","4.58653690337562"
9111,"6am","17.5157123636516","27.4185230731031","21.544796976456","20.4094059608595","13.1115616259298"
9112,"6am","10.8034337343012","21.5766993703629","24.7999577083225","29.351683411598","13.4682257754154"
9113,"6am","7.77270629546692","19.009118233033","20.784391686706","33.59150113496","18.8422826498339"
9114,"6am","13.9759111110191","18.9689328533377","10.3158128366686","28.1566749903566","28.5826682086179"
9201,"6am","13.360938713774","22.552579528894","26.0268387641176","24.3542441697155","13.7053988234986"
9202,"6am","13.6217717370852","23.181120232261","25.7586068454454","23.641099875462","13.7974013097465"
9203,"6am","15.8442415571711","17.7575922287408","13.1707218995565","26.752827510305","26.4746168042267"
9204,"6am","16.3114125754644","16.1133347051611","28.7832163176324","20.5650724729659","18.2269639287761"
9205,"6am","6.18764382737496","13.5337106009985","22.3911456721057","24.0326247544638","33.8548751450571"
9206,"6am","12.2371798517806","19.7872102443761","14.743974151947","28.4002115913461","24.8314241605501"
9207,"6am","15.8802733682912","7.52972293656921","18.0151605265446","27.8263001511261","30.7485430174689"
9208,"6am","11.9373218041565","11.4446712989275","16.6979083880689","30.1481386825886","29.7719598262585"
9209,"6am","10.3987771331804","12.4108557736725","23.0493256866672","29.8438139121662","24.2972274943139"
9210,"6am","10.8807085783187","16.5537465923382","13.5392540351489","26.9796866846643","32.0466041095298"
9211,"6am","13.1445155843026","20.8371336710645","28.000077804896","20.2511466745866","17.7671262651503"
9212,"6am","9.27107342129602","20.2648249503209","21.5816963745938","26.5999637734416","22.2824414803478"
9302,"6am","10.0695811893197","27.7088461841964","33.0986822252032","21.4531071545258","7.66978324675515"
9303,"6am","26.0075810641543","28.8400842013652","17.853542919083","17.9244632450102","9.37432857038753"
9304,"6am","18.0958108825337","32.4957926835497","22.044888217866","16.0986579529977","11.264850263053"
9305,"6am","18.0130870809094","35.8884932021074","20.5484326830581","16.4753304888568","9.07465654506843"
9306,"6am","8.67426814922221","25.1314532046094","29.9527670630978","24.4431808628472","11.7983307202234"
9307,"6am","31.2646993387966","24.4345378246853","21.2897964511909","19.4335427046294","3.57742368069786"
9308,"6am","23.4725363019426","35.8906536715078","18.4810725533028","14.5829839045285","7.57275356871826"
9309,"6am","21.8042634728603","30.080322646853","23.6476772429422","17.6234770106941","6.84425962665027"
9310,"6am","22.4760983619974","32.3154398735275","24.0087853016336","16.4972652851933","4.70241117764806"
9311,"6am","26.1234905303226","30.1246542045069","23.7458933761178","15.2068861077214","4.79907578133143"
9312,"6am","27.7557572478595","32.5968135657053","18.5121945009409","15.1777464998334","5.95748818566109"
9402,"6am","13.0706488406692","34.6298465072941","17.778628561772","22.8895488909564","11.6313271993087"
9403,"6am","10.1139184986887","26.613587726042","22.5999678547132","23.8211069081064","16.8514190124494"
9404,"6am","15.5125784195011","34.2619838262886","22.1096973043579","19.2026531518804","8.91308729797197"
9405,"6am","9.03410267654154","22.5327601192165","26.443592168579","32.0554766453914","9.9340683902716"
9406,"6am","16.7472836703272","34.3723349119889","18.6946225988832","20.3482078752598","9.83755094354089"
9407,"6am","12.5801319754306","22.0610205340561","19.9482219986856","27.6885120949383","17.7221133968893"
9408,"6am","9.59515133929224","16.9306699391246","17.619279604138","34.2260790946354","21.6288200228096"
9409,"6am","8.97763806689651","14.6478588112312","17.9235877103027","32.7651045374002","25.6858108741697"
9410,"6am","16.0078042863338","22.2411124694105","29.5925630203475","21.4279769336425","10.7305432902656"
9411,"6am","20.8633403847986","28.890286477532","26.8298358087114","14.9267355770863","8.48980175187166"
9412,"6am","15.0064436011096","30.4313200879094","18.7697617842104","24.1168825702449","11.6755919565256"
9413,"6am","17.6268306741815","32.4505747921343","26.3313918819453","17.0846935273175","6.50650912442128"
9414,"6am","18.0182400278191","18.2845593123434","26.1706086423883","25.6708033906342","11.8557886268151"
9501,"6am","10.0492832625878","24.8785036250117","30.4606107529962","27.7174630099441","6.89413934946032"
9502,"6am","17.3385076141332","36.3846525083166","16.7570793835637","22.4623902593141","7.05737023467233"
9503,"6am","12.4502001133539","34.4332775082733","16.8791424057326","29.096865548776","7.14051442386422"
9504,"6am","12.7774940976079","25.4298877794054","23.5866288019174","25.1454528152145","13.0605365058551"
9505,"6am","17.176170924794","27.3634382375474","34.7021846850545","17.4548189670127","3.3033871855912"
9506,"6am","23.0048787337932","37.9224151825741","21.6514149582009","11.3354029337884","6.08588819164351"
9507,"6am","27.216946402638","44.3095597153268","17.6908525569231","8.65101587561444","2.13162544949765"
9508,"6am","25.6193675828022","26.8679656274304","28.0483818963775","13.4035161493219","6.06076874406801"
9509,"6am","13.9729752768083","24.7842909611464","23.2413417972495","32.239449211892","5.76194275290376"
9510,"6am","13.5123480875278","22.5046879541066","27.7066971121258","26.1301463546168","10.146120491623"
9511,"6am","6.85878364247822","19.1044875567644","27.8032913286602","30.0275963775428","16.2058410945544"
9512,"6am","14.987076672702","17.2621367730729","26.6868069229818","25.8443823240956","15.2195973071476"
9513,"6am","18.2259103373788","26.1594208831312","11.8240969386409","32.9470207306073","10.8435511102417"
7501,"7am","2.1755712651026","7.82558478134479","18.8884430640057","30.2805046348261","40.8298962547207"
7502,"7am","14.9951401894961","10.2494598831263","9.21291820755164","25.5872209193901","39.9552608004357"
7503,"7am","10.962781736155","16.4840905233014","15.1948869229501","21.3596928129701","35.9985480046235"
7504,"7am","9.33029022373321","16.0055032866138","14.1838067435989","30.3005891253399","30.1798106207141"
7505,"7am","11.4421040527639","12.365137408756","13.1660139939115","26.1100799458709","36.9166645986982"
7506,"7am","12.0994608514389","13.5325855758239","22.692318552122","18.640932536357","33.0347024842583"
7507,"7am","10.7407394070231","13.0915265578001","19.6766344490432","24.0834479905181","32.4076515956158"
7508,"7am","9.25510554626138","8.62530265332709","19.7078898977234","25.1363861828588","37.2753157198298"
7509,"7am","12.2612363961376","12.1531235706091","12.2628778646428","30.9490597287824","32.373702439828"
7510,"7am","15.7949864332389","12.5714208909802","8.48018135395019","27.6499220571653","35.5034892646651"
7511,"7am","14.6715302690764","12.8716349359964","10.5634674049721","25.1341444313733","36.7592229585817"
7512,"7am","13.0376193234822","20.8510162575788","9.18180964633986","28.065538370964","28.864016401635"
7513,"7am","20.058012145015","18.9122328081524","18.4877186378321","20.8144036804396","21.7276327285605"
7514,"7am","15.682856675242","14.0308869431151","14.8740776165083","28.8054435329793","26.606735232155"
7701,"7am","7.6668720072377","29.2233775978618","33.0747311395008","20.6820654852395","9.3529537701601"
7702,"7am","11.9623278848132","25.3840003353393","18.8455567251338","33.3847613450767","10.423353709637"
7703,"7am","10.456167089274","28.4594601407548","30.702075220467","25.1488801419303","5.23341740757381"
7704,"7am","21.9761203059306","29.8326985343985","27.9197570411352","14.9886977079942","5.2827264105417"
7705,"7am","6.42155559770291","41.2992992371495","27.6035232195267","23.6208294693812","1.05479247623971"
7706,"7am","15.5037935042661","32.8057211050485","26.8234054374746","21.860837752138","3.00624220107277"
7707,"7am","22.669129108723","29.9522658596004","23.3420106448911","19.2648069430141","4.77178744377151"
7708,"7am","9.73549671616363","14.5867498452881","28.6990354629198","35.861754951186","11.1169630244424"
7709,"7am","13.2687605699683","35.4393685198046","29.978123421608","15.8543226447893","5.45942484382975"
7710,"7am","8.27643427229719","34.7386495221282","23.6689490033557","24.3256322874464","8.99033491477246"
7711,"7am","9.65500108831632","28.3845438080792","39.2540020822931","8.75960669709688","13.9468463242147"
7712,"7am","26.7585347465169","22.9068494223565","22.0601522305739","21.7280686127397","6.54639498781297"
7713,"7am","21.2995084816626","28.7329926189243","24.1043175245729","18.8064872086914","7.05669416614865"
7714,"7am","16.2067029547454","22.2250999013647","25.0230984388574","24.5592355240702","11.9858631809622"
7715,"7am","21.1726197188743","36.5782845679894","20.9064399825317","15.4611658161687","5.88148991443592"
7716,"7am","14.0904265224266","26.3307285961426","29.9146713438323","21.1414043055278","8.52276923207079"
7801,"7am","5.88355737691245","30.1151120859219","16.129654816397","32.7000535848179","15.1716221359507"
7802,"7am","27.1406135441305","4.26334304227078","22.4507261268881","28.7464556083996","17.3988616783108"
7803,"7am","12.6909424961006","14.0418965358034","28.0283398732436","26.3663477760258","18.8724733188266"
7804,"7am","17.2491011764631","20.1439383095523","20.0337032050149","29.5269307125007","13.046326596469"
7805,"7am","17.2212915941717","22.3463706141405","25.1546324300974","17.6148038652951","17.6629014962952"
7806,"7am","14.080637439164","32.8307645677713","23.4408726520854","22.6061410905803","7.04158425039898"
7807,"7am","26.2092336756373","23.4775669148055","24.4216217592268","20.4695821217088","5.42199552862145"
7808,"7am","17.994498076724","29.3898262526707","24.9670263836546","21.5589013943132","6.08974789263764"
7809,"7am","14.4729183665658","19.7635515743287","25.5621786568589","29.524486390359","10.6768650118876"
7810,"7am","16.2629667993342","17.9096650808043","13.706387260221","43.5091527985916","8.61182806104867"
7811,"7am","13.6840207533707","14.6636031673371","14.8528948582435","36.3991778190154","20.4003034020333"
7812,"7am","15.723282031347","9.80877976447237","18.0357031859168","30.792088855714","25.6401461625496"
7813,"7am","24.6383889071201","17.3602716932613","23.507630618245","19.0347441859566","15.458964595417"
7814,"7am","14.4819705592088","10.610184321826","28.165475646585","30.8827769518742","15.8595925205058"
7815,"7am","16.5996787107223","21.7423510750722","25.1747407006039","26.2852914660958","10.1979380475056"
7816,"7am","11.2522351984083","20.518540767998","23.9856879827963","26.141373867998","18.1021621827994"
9101,"7am","17.9561289337174","29.3495173463423","18.5739874518716","26.0040266462571","8.11633962181187"
9102,"7am","14.0964826126785","23.5241374941934","22.2027075923772","32.1026589221803","8.07401337857048"
9103,"7am","14.1145805939362","28.1887074723469","20.7457696144065","24.6082850624055","12.3426572569048"
9104,"7am","12.3136739675165","19.2800827983455","31.2461925005649","26.2775494991388","10.8825012344345"
9105,"7am","11.2970884909326","29.1920242901069","23.3958282454167","23.5854206459686","12.5296383275752"
