"district","hour","cs1","cs2","cs3","cs4","cs5"
"7501","4am",2.291142,6.715654,16.473935,31.029262,43.4900079
"7502","4am",14.531397,7.426391,10.074682,26.217495,41.7500349
"7503","4am",10.953381,9.647891,13.293359,24.855456,41.2499129
"7504","4am",11.169681,12.439535,15.134714,29.936504,31.3195658
"7505","4am",11.209839,13.761103,13.454173,25.702494,35.8723913
"7506","4am",10.260148,11.775421,22.521301,19.301456,36.1416734
"7507","4am",10.936054,12.391926,19.585645,24.490763,32.5956116
"7508","4am",9.673485,8.411072,19.115487,25.814001,36.9859551
"7509","4am",11.699647,12.355816,11.881767,31.708138,32.3546322
"7510","4am",15.661226,9.273998,9.348876,29.64966,36.0662391
"7511","4am",14.595409,11.560118,10.635709,25.80167,37.4070937
"7512","4am",13.294827,20.978702,8.153945,28.699366,28.8731595
"7513","4am",19.356081,20.912264,17.137596,21.948721,20.645339
"7514","4am",14.728633,15.38042,14.103533,29.627104,26.1603104
"7701","4am",7.196831,23.728864,38.511922,20.936285,9.6260983
"7702","4am",11.625731,26.861152,17.520883,33.606456,10.3857773
"7703","4am",10.70596,27.897928,29.657343,27.173335,4.5654347
"7704","4am",21.059931,29.966429,29.497918,14.663925,4.8117974
"7705","4am",6.042834,39.619176,29.865813,23.556447,0.9157297
"7706","4am",15.968651,34.131379,25.204217,22.057614,2.6381388
"7707","4am",22.145783,30.76661,24.26597,18.137713,4.6839244
"7708","4am",9.021169,20.018772,28.415562,31.409004,11.1354935
"7709","4am",13.883583,34.276642,29.917231,16.910922,5.0116213
"7710","4am",8.817454,34.733652,22.305089,24.976321,9.1674847
"7711","4am",9.06013,30.551781,38.163535,7.562432,14.6621226
"7712","4am",25.80571,24.000411,23.260962,20.928326,6.0045902
"7713","4am",20.260889,30.703152,23.703774,18.718096,6.6140888
"7714","4am",16.268311,23.119789,24.332859,24.220221,12.0588192
"7715","4am",20.443036,36.255008,22.878641,14.944901,5.4784138
"7716","4am",13.304691,28.603237,29.018766,21.441044,7.6322632
"7801","4am",5.245726,31.247282,16.571599,31.28766,15.6477335
"7802","4am",25.67456,4.394898,20.804523,31.12957,17.996448
"7803","4am",11.944851,14.840282,28.412163,25.628684,19.1740198
"7804","4am",16.886563,20.717341,20.372532,29.344964,12.6785991
"7805","4am",16.462152,20.866458,25.885841,19.191844,17.5937056
"7806","4am",13.95301,33.19623,24.310556,21.744157,6.7960467
"7807","4am",27.670123,23.660694,23.997766,19.727646,4.9437704
"7808","4am",16.209912,30.78299,23.987633,22.127706,6.8917586
"7809","4am",16.116268,18.599316,26.677801,28.198087,10.4085278
"7810","4am",16.990187,18.327378,15.610139,40.787858,8.2844383
"7811","4am",11.704496,16.185462,15.089373,36.8821,20.1385688
"7812","4am",16.148578,9.578373,17.937223,31.208145,25.1276809
"7813","4am",22.752866,16.196139,23.761015,22.110479,15.1795015
"7814","4am",13.768105,10.875518,27.905848,32.181884,15.2686449
"7815","4am",16.582729,23.022825,23.669961,26.60735,10.1171356
"7816","4am",10.59053,23.506592,21.721267,26.560085,17.6215262
"9101","4am",18.476123,26.674721,20.506462,25.850097,8.4925965
"9102","4am",12.490818,24.735616,22.760073,31.544152,8.4693403
"9103","4am",13.593398,30.08348,19.9272,25.400882,10.9950393
"9104","4am",10.313587,19.177886,33.333285,27.155084,10.0201578
"9105","4am",11.411198,29.604427,23.08728,23.533651,12.3634444
"9106","4am",17.823011,33.419788,20.37374,17.887094,10.4963677
"9107","4am",14.489873,21.781293,24.196258,30.38063,9.1519455
"9108","4am",14.301145,21.356184,23.013149,27.093477,14.2360452
"9109","4am",6.240934,29.229835,32.642972,20.891057,10.9952014
"9110","4am",20.194019,35.990164,22.185236,16.841753,4.7888292
"9111","4am",18.303073,25.368664,22.12147,20.642315,13.564478
"9112","4am",10.688245,21.231515,24.779936,29.975681,13.3246239
"9113","4am",7.869086,19.401529,20.774429,33.357779,18.5971762
"9114","4am",13.975911,18.968933,10.315813,28.156675,28.5826682
"9201","4am",13.16936,21.921602,27.290502,23.98498,13.6335553
"9202","4am",13.54635,24.98986,24.232578,23.510203,13.7210076
"9203","4am",16.722983,17.254035,13.013367,26.648161,26.3614544
"9204","4am",16.392073,17.321494,29.199739,19.039862,18.0468323
"9205","4am",6.170263,14.377818,21.484322,24.207818,33.7597792
"9206","4am",12.169221,19.313874,14.607426,28.761855,25.1476236
"9207","4am",15.781544,7.48291,17.72944,28.178498,30.827607
"9208","4am",11.94886,10.908574,17.16455,30.177279,29.8007366
"9209","4am",10.372561,12.397713,22.991217,30.553834,23.6846754
"9210","4am",10.650744,15.981224,15.119682,26.409469,31.8388811
"9211","4am",13.081777,20.447278,28.207873,20.580749,17.6823234
"9212","4am",9.381227,20.080697,21.717913,26.740182,22.0799812
"9302","4am",9.554038,29.387169,33.229229,20.493048,7.3365158
"9303","4am",25.986258,29.021389,17.860634,17.814763,9.3169565
"9304","4am",17.718584,32.206672,22.438449,16.479351,11.1569437
"9305","4am",19.504136,36.346537,19.554979,15.936862,8.6574862
"9306","4am",8.732803,25.296214,30.254223,24.089261,11.6274993
"9307","4am",31.331181,24.972802,21.240593,19.004795,3.4506289
"9308","4am",21.714825,38.943524,17.892052,14.118201,7.3313979
"9309","4am",21.994032,30.088408,23.380575,17.688816,6.8481698
"9310","4am",22.082927,34.720585,22.724887,15.930688,4.5409128
"9311","4am",25.413297,31.42969,23.907396,14.631975,4.617642
"9312","4am",27.35071,33.103526,18.771783,15.001107,5.7728753
"9402","4am",13.677927,34.12727,17.565245,23.462483,11.1670743
"9403","4am",9.731129,26.711823,21.71027,25.473461,16.3733165
"9404","4am",15.45258,34.877286,21.588295,19.128837,8.953002
"9405","4am",8.118476,20.520738,28.895975,32.040764,10.4240462
"9406","4am",17.046653,33.491689,19.799216,20.021243,9.6411993
"9407","4am",12.444759,23.839033,19.671245,26.769843,17.2751201
"9408","4am",9.458929,17.355019,17.947639,33.916656,21.3217568
"9409","4am",8.859788,15.027682,17.803526,32.285039,26.0239646
"9410","4am",15.733213,22.815656,29.844244,21.060411,10.5464761
"9411","4am",20.547447,29.396756,26.993812,14.700728,8.3612568
"9412","4am",15.630301,29.264385,19.532547,23.707819,11.8649486
"9413","4am",17.678072,31.549214,26.407938,17.839352,6.5254237
"9414","4am",16.478952,19.13345,26.490303,26.423541,11.4737538
"9501","4am",10.012195,26.590211,29.861415,26.667889,6.868291
"9502","4am",16.745704,35.672762,17.36901,23.18453,7.027994
"9503","4am",12.015752,34.897908,16.290147,29.904846,6.8913471
"9504","4am",12.307309,26.595291,23.998985,24.51848,12.5799357
"9505","4am",16.683434,28.898735,34.633582,16.39279,3.3914585
"9506","4am",23.986079,38.085797,21.097808,10.950876,5.8794389
"9507","4am",26.816893,44.549927,18.283266,8.249621,2.1002934
"9508","4am",25.3216,27.780409,28.310252,12.799908,5.7878307
"9509","4am",13.916304,24.681421,24.306774,31.470913,5.6245874
"9510","4am",13.243774,21.748574,28.586115,26.296601,10.1249354
"9511","4am",6.845114,19.50155,27.51204,29.967752,16.1735434
"9512","4am",15.525598,17.381589,27.195973,24.867019,15.0298222
"9513","4am",17.36175,26.443651,11.775598,32.811881,11.607121
"7501","5am",2.291142,6.715654,16.473935,31.029262,43.4900079
"7502","5am",14.492139,7.406328,10.317624,26.146666,41.6372431
"7503","5am",10.953381,9.647891,13.293359,24.855456,41.2499129
"7504","5am",11.117538,12.381464,15.530888,29.796752,31.1733575
"7505","5am",11.209839,13.761103,13.454173,25.702494,35.8723913
"7506","5am",10.260148,11.775421,22.521301,19.301456,36.1416734
"7507","5am",10.919477,12.373143,19.707539,24.45364,32.5462025
"7508","5am",9.713028,8.036676,19.193627,25.919523,37.1371457
"7509","5am",11.617582,12.269149,12.499855,31.485728,32.127687
"7510","5am",15.808934,9.522714,9.437049,28.824908,36.4063948
"7511","5am",14.225991,12.152629,10.276543,25.857215,37.4876222
"7512","5am",13.324701,20.801138,8.172267,28.763855,28.9380388
"7513","5am",19.356081,20.912264,17.137596,21.948721,20.645339
"7514","5am",14.765641,15.419067,13.887701,29.701548,26.2260433
"7701","5am",7.314127,23.418251,38.530424,21.272356,9.4648413
"7702","5am",11.688361,26.467143,17.61527,33.787498,10.4417269
"7703","5am",10.726467,27.759816,29.714152,27.225386,4.5741798
"7704","5am",21.039239,30.554149,28.950025,14.649517,4.8070698
"7705","5am",6.148298,39.172397,29.780024,23.96757,0.9317116
"7706","5am",16.254177,32.953618,25.65488,22.452014,2.68531
"7707","5am",22.569134,30.756499,23.416458,18.484444,4.773465
"7708","5am",9.042972,20.067156,28.484239,31.243226,11.162407
"7709","5am",14.011021,33.673369,30.191841,17.066148,5.0576229
"7710","5am",8.810244,35.194199,22.28685,24.548718,9.1599886
"7711","5am",9.08229,29.941655,38.697142,7.580929,14.6979844
"7712","5am",26.086283,23.803515,22.884457,21.15587,6.0698751
"7713","5am",20.16977,30.51961,23.767286,18.874116,6.6692188
"7714","5am",16.312311,23.598944,24.228862,24.116705,11.7431786
"7715","5am",20.617916,36.231496,22.552562,15.072747,5.5252788
"7716","5am",13.408239,28.462161,28.83002,21.607916,7.6916639
"7801","5am",5.278303,31.441334,16.05349,31.481963,15.7449093
"7802","5am",25.54378,4.372512,21.207927,30.971004,17.9047783
"7803","5am",11.944851,14.840282,28.412163,25.628684,19.1740198
"7804","5am",16.974756,20.303274,20.478931,29.498223,12.7448152
"7805","5am",16.462152,20.866458,25.885841,19.191844,17.5937056
"7806","5am",13.826295,33.405771,24.48692,21.546686,6.734328
"7807","5am",27.125057,23.316067,24.436456,20.088276,5.0341448
"7808","5am",16.370928,30.532056,24.225906,21.910893,6.9602156
"7809","5am",16.047272,18.947802,26.56359,28.077368,10.3639677
"7810","5am",16.990187,18.327378,15.610139,40.787858,8.2844383
"7811","5am",11.704496,16.185462,15.089373,36.8821,20.1385688
"7812","5am",16.129645,9.567143,18.033434,31.171557,25.0982209
"7813","5am",22.752866,16.196139,23.761015,22.110479,15.1795015
"7814","5am",13.768105,10.875518,27.905848,32.181884,15.2686449
"7815","5am",16.651256,23.117965,23.354533,26.717302,10.1589438
"7816","5am",10.617759,23.30992,21.777114,26.628373,17.6668327
"9101","5am",18.307236,27.344978,20.319015,25.613804,8.4149668
"9102","5am",12.451719,24.658187,23.001855,31.44541,8.4428289
"9103","5am",13.380612,29.601001,20.173186,25.714437,11.1307645
"9104","5am",10.411632,18.713159,32.896496,27.8633,10.1154133
"9105","5am",11.342746,29.786411,23.18908,23.392482,12.2892807
"9106","5am",17.794091,33.527823,20.340681,17.85807,10.479336
"9107","5am",14.489873,21.781293,24.196258,30.38063,9.1519455
"9108","5am",14.301145,21.356184,23.013149,27.093477,14.2360452
"9109","5am",6.182098,28.954272,32.640318,21.536044,10.6872683
"9110","5am",20.266347,35.201999,22.547685,17.116903,4.8670663
"9111","5am",18.070964,26.149662,22.006369,20.380542,13.3924617
"9112","5am",10.688245,21.231515,24.779936,29.975681,13.3246239
"9113","5am",7.856523,19.53021,20.741262,33.304521,18.5674846
"9114","5am",13.975911,18.968933,10.315813,28.156675,28.5826682
"9201","5am",13.274767,21.894991,27.257373,23.955864,13.6170051
"9202","5am",13.490717,24.887229,24.133057,23.82434,13.6646566
"9203","5am",16.720275,17.482361,13.011259,26.428921,26.3571845
"9204","5am",16.462449,16.966527,29.325103,19.121607,18.1243136
"9205","5am",6.170263,14.377818,21.484322,24.207818,33.7597792
"9206","5am",12.121275,19.63177,14.549874,28.648536,25.0485442
"9207","5am",15.781544,7.48291,17.72944,28.178498,30.827607
"9208","5am",11.94886,10.908574,17.16455,30.177279,29.8007366
"9209","5am",10.380086,12.406707,23.007896,29.951755,24.2535553
"9210","5am",10.638508,15.962863,15.102311,26.379128,31.9171905
"9211","5am",13.081777,20.447278,28.207873,20.580749,17.6823234
"9212","5am",9.381227,20.080697,21.717913,26.740182,22.0799812
"9302","5am",9.539511,29.110785,33.178706,20.845637,7.325361
"9303","5am",26.087499,28.981691,17.836203,17.790395,9.3042121
"9304","5am",17.886003,32.141141,22.392793,16.44582,11.1342426
"9305","5am",19.449093,36.526175,19.499792,15.891886,8.6330536
"9306","5am",8.758333,25.07782,30.34267,24.159685,11.6614919
"9307","5am",31.516578,24.831951,21.063171,19.117252,3.4710474
"9308","5am",21.948981,38.285139,18.084985,14.270441,7.4104539
"9309","5am",21.774591,30.661071,23.272166,17.512329,6.7798436
"9310","5am",22.28729,34.116469,22.93519,16.078115,4.5829358
"9311","5am",25.276024,31.52456,24.115595,14.505951,4.5778706
"9312","5am",27.410629,33.145547,18.624331,15.033971,5.7855223
"9402","5am",13.789383,34.248504,17.708376,22.995668,11.2580698
"9403","5am",9.731129,26.711823,21.71027,25.473461,16.3733165
"9404","5am",15.10136,34.781905,21.531599,19.655647,8.9294893
"9405","5am",8.748259,21.361982,27.323714,32.654733,9.9113114
"9406","5am",16.91038,33.294888,20.087259,19.926012,9.7814616
"9407","5am",12.550217,23.193642,19.83794,26.996691,17.42151
"9408","5am",9.414013,17.923114,17.862412,33.579954,21.2205077
"9409","5am",8.868071,14.600476,17.911649,32.571513,26.0482917
"9410","5am",15.847985,22.252608,30.061953,21.214043,10.6234111
"9411","5am",20.654612,29.028522,27.134599,14.777401,8.4048653
"9412","5am",15.258555,29.565359,19.557632,23.738267,11.8801867
"9413","5am",17.394918,32.645608,25.984955,17.553614,6.4209044
"9414","5am",16.505699,19.002194,26.5333,26.46643,11.4923772
"9501","5am",9.809651,26.254214,30.115077,26.894423,6.9266348
"9502","5am",17.153141,35.57726,17.255142,23.032537,6.9819198
"9503","5am",11.96946,35.14872,16.227388,29.789634,6.8647975
"9504","5am",12.415067,25.952585,24.209112,24.733155,12.6900812
"9505","5am",16.677514,28.692203,34.621294,16.618733,3.3902552
"9506","5am",24.412292,37.169714,21.288619,11.145464,5.9839116
"9507","5am",26.958087,44.257977,18.379529,8.293056,2.1113516
"9508","5am",25.55251,27.470404,28.219844,12.916631,5.8406104
"9509","5am",13.952935,24.483165,24.370755,31.553752,5.6393926
"9510","5am",13.243774,21.748574,28.586115,26.296601,10.1249354
"9511","5am",6.845114,19.50155,27.51204,29.967752,16.1735434
"9512","5am",15.525598,17.381589,27.195973,24.867019,15.0298222
"9513","5am",17.309358,26.665619,11.740063,32.712866,11.5720947
"7501","6am",2.222113,7.544624,17.657602,30.395947,42.1797142
"7502","6am",14.427195,7.82127,10.271387,26.029495,41.4506532
"7503","6am",11.201662,11.686211,12.910524,24.139644,40.0619579
"7504","6am",10.490079,12.888611,14.586242,30.303515,31.7315536
"7505","6am",11.193246,13.740734,13.434258,25.81247,35.8192924
"7506","6am",10.61488,12.0434,22.230199,19.391223,35.7202981
"7507","6am",11.006133,12.406418,19.817752,23.96521,32.8044865
"7508","6am",9.288375,8.431045,19.16088,25.875301,37.244399
"7509","6am",11.609672,12.719931,12.491345,31.073239,32.1058129
"7510","6am",16.239052,10.275103,9.287597,28.368414,35.8298342
"7511","6am",14.387057,13.004479,10.302017,25.433346,36.8731008
"7512","6am",13.141161,20.347556,8.77749,28.779756,28.9540364
"7513","6am",19.504372,20.358606,17.722705,21.856099,20.5582176
"7514","6am",15.057949,14.878291,13.653875,29.664659,26.7452262
"7701","6am",7.56021,25.222377,35.446066,21.988062,9.7832847
"7702","6am",11.863545,26.040413,17.6201,33.877716,10.5982263
"7703","6am",10.243029,28.019016,30.903769,26.29588,4.5383057
"7704","6am",21.493272,29.275773,29.35449,14.965658,4.9108077
"7705","6am",6.015643,39.270281,29.18134,24.544617,0.9881181
"7706","6am",16.468714,33.286136,25.801791,21.657552,2.7858068
"7707","6am",22.60002,30.54826,23.039722,18.924811,4.8871865
"7708","6am",8.516168,17.129764,29.365869,33.145985,11.8422144
"7709","6am",13.890352,35.953005,28.697647,16.444932,5.0140646
"7710","6am",8.345269,35.273536,22.702848,24.526609,9.1517387
"7711","6am",9.446947,28.164638,38.684722,9.010427,14.6932669
"7712","6am",25.324972,24.296863,22.588144,21.594342,6.1956782
"7713","6am",20.320636,30.198049,23.415388,19.208617,6.85731
"7714","6am",16.635345,22.75313,24.277252,24.358545,11.9757294
"7715","6am",20.528241,35.697836,23.075438,15.045104,5.653381
"7716","6am",13.593994,28.003395,28.993248,21.479804,7.9295587
"7801","6am",5.412002,31.614658,15.488762,32.279399,15.2051791
"7802","6am",25.742935,3.942469,21.373277,30.896944,18.0443751
"7803","6am",11.95375,14.257794,28.14578,25.647778,19.9948986
"7804","6am",16.925899,20.054921,20.897725,29.413321,12.708133
"7805","6am",16.678014,20.690617,25.968664,18.723568,17.939137
"7806","6am",13.494212,33.425412,24.258211,22.119933,6.7022323
"7807","6am",28.1083,23.421868,24.744751,18.508456,5.2166251
"7808","6am",16.919848,28.204338,25.036652,22.645569,7.1935927
"7809","6am",14.962558,18.981483,26.517773,28.878502,10.6596837
"7810","6am",17.206235,18.56043,14.838607,41.004943,8.3897838
"7811","6am",12.091311,16.48335,15.036563,36.32069,20.0680868
"7812","6am",16.167036,9.589321,17.597312,31.48993,25.1564017
"7813","6am",24.222516,15.922514,23.244215,21.500519,15.1102356
"7814","6am",14.075,10.256533,27.719394,32.340087,15.6089866
"7815","6am",16.923961,22.785516,23.73702,27.154863,9.3986395
"7816","6am",10.64526,21.710384,22.085268,27.513125,18.0459636
"9101","6am",17.866195,28.520401,19.961248,25.330322,8.3218335
"9102","6am",12.359957,25.161901,22.080652,31.766721,8.6307693
"9103","6am",13.663253,29.298746,20.599308,25.072811,11.3658819
"9104","6am",10.502435,18.919418,32.814537,27.559976,10.2036331
"9105","6am",11.48002,29.301408,23.469723,23.310839,12.43801
"9106","6am",18.173467,32.558126,20.774352,18.238811,10.2552447
"9107","6am",14.09709,21.656699,24.872942,30.380047,8.993222
"9108","6am",14.595187,20.199048,23.236748,27.440268,14.5287489
"9109","6am",6.291633,28.407069,33.218646,21.347272,10.7353803
"9110","6am",20.498025,35.161388,22.547693,16.775031,5.0178636
"9111","6am",17.515712,27.418523,21.544797,20.409406,13.1115616
"9112","6am",10.775752,21.521413,24.736412,29.532708,13.4337157
"9113","6am",7.756733,18.970054,20.741679,33.727972,18.8035613
"9114","6am",13.975911,18.968933,10.315813,28.156675,28.5826682
"9201","6am",13.299751,22.449297,26.365607,24.242711,13.6426334
"9202","6am",13.621772,23.18112,25.758607,23.6411,13.7974013
"9203","6am",15.811733,17.721158,13.143699,26.697938,26.6254714
"9204","6am",16.311413,16.113335,28.783216,20.565072,18.2269639
"9205","6am",6.187644,13.533711,22.391146,24.032625,33.8548751
"9206","6am",12.23718,19.78721,14.743974,28.400212,24.8314242
"9207","6am",15.837209,7.509304,17.966306,27.75084,30.9363414
"9208","6am",11.937322,11.444671,16.697908,30.148139,29.7719598
"9209","6am",10.398777,12.410856,23.049326,29.843814,24.2972275
"9210","6am",10.65146,16.204971,15.360919,26.411244,31.3714056
"9211","6am",13.144516,20.837134,28.000078,20.251147,17.7671263
"9212","6am",9.235479,20.187022,21.498838,26.881769,22.1968924
"9302","6am",10.069581,27.708846,33.098682,21.453107,7.6697832
"9303","6am",25.909984,29.107121,17.786545,17.857199,9.3391502
"9304","6am",18.095811,32.495793,22.044888,16.098658,11.2648503
"9305","6am",19.202558,35.367821,20.250315,16.236305,8.9430009
"9306","6am",8.674268,25.131453,29.952767,24.443181,11.7983307
"9307","6am",31.264699,24.434538,21.289796,19.433543,3.5774237
"9308","6am",23.472536,35.890654,18.481073,14.582984,7.5727536
"9309","6am",21.742751,29.995463,23.580965,17.855869,6.8249513
"9310","6am",22.476098,32.31544,24.008785,16.497265,4.7024112
"9311","6am",26.004832,30.442042,23.638035,15.137813,4.7772774
"9312","6am",27.755757,32.596814,18.512195,15.177746,5.9574882
"9402","6am",13.070649,34.629847,17.778629,22.889549,11.6313272
"9403","6am",9.876001,26.38185,22.06833,25.21881,16.4550094
"9404","6am",15.512578,34.261984,22.109697,19.202653,8.9130873
"9405","6am",9.034103,22.53276,26.443592,32.055477,9.9340684
"9406","6am",16.747284,34.372335,18.694623,20.348208,9.8375509
"9407","6am",12.613025,22.118704,20.000381,27.499439,17.7684516
"9408","6am",9.595151,16.93067,17.61928,34.226079,21.62882
"9409","6am",8.977638,14.647859,17.923588,32.765105,25.6858109
"9410","6am",16.007804,22.241112,29.592563,21.427977,10.7305433
"9411","6am",20.86334,28.890286,26.829836,14.926736,8.4898018
"9412","6am",15.006444,30.43132,18.769762,24.116883,11.675592
"9413","6am",17.626831,32.450575,26.331392,17.084694,6.5065091
"9414","6am",17.691502,17.952992,26.157483,26.557225,11.6407988
"9501","6am",10.049283,24.878504,30.460611,27.717463,6.8941393
"9502","6am",17.229379,36.155648,16.651611,22.950411,7.0129513
"9503","6am",12.4502,34.433278,16.879142,29.096866,7.1405144
"9504","6am",12.777494,25.429888,23.586629,25.145453,13.0605365
"9505","6am",17.109116,27.647008,34.566709,17.386676,3.2904909
"9506","6am",23.004879,37.922415,21.651415,11.335403,6.0858882
"9507","6am",27.216946,44.30956,17.690853,8.651016,2.1316254
"9508","6am",25.619368,26.867966,28.048382,13.403516,6.0607687
"9509","6am",13.972975,24.784291,23.241342,32.239449,5.7619428
"9510","6am",13.432571,22.37182,28.133517,25.975874,10.0862178
"9511","6am",6.858784,19.104488,27.803291,30.027596,16.2058411
"9512","6am",15.952557,17.066093,26.383728,25.550871,15.0467504
"9513","6am",18.07922,25.948878,11.728931,32.681848,11.5611224
"7501","7am",2.166863,7.794261,18.812839,30.55957,40.666467
"7502","7am",14.920241,10.198265,9.666389,25.459416,39.755689
"7503","7am",10.962782,16.484091,15.194887,21.359693,35.998548
"7504","7am",9.272202,16.528433,14.095502,30.111945,29.991918
"7505","7am",11.442104,12.365137,13.166014,26.11008,36.916665
"7506","7am",12.099461,13.532586,22.692319,18.640933,33.034702
"7507","7am",10.703887,13.046608,19.952232,24.000815,32.296458
"7508","7am",9.235184,8.606737,19.880717,25.082281,37.195081
"7509","7am",12.261236,12.153124,12.262878,30.94906,32.373702
"7510","7am",16.207843,12.509783,8.438603,27.514355,35.329416
"7511","7am",14.597342,12.806548,10.510052,25.007051,37.079006
"7512","7am",13.037619,20.851016,9.18181,28.065538,28.864016
"7513","7am",20.058012,18.912233,18.487719,20.814404,21.727633
"7514","7am",15.133294,13.995219,14.836267,29.496122,26.539099
"7701","7am",7.65885,29.192799,33.040122,20.765062,9.343167
"7702","7am",11.962328,25.384,18.845557,33.384761,10.423354
"7703","7am",10.456167,28.45946,30.702075,25.14888,5.233417
"7704","7am",21.97612,29.832699,27.919757,14.988698,5.282726
"7705","7am",6.421556,41.299299,27.603523,23.620829,1.054792
"7706","7am",15.503794,32.805721,26.823405,21.860838,3.006242
"7707","7am",22.669129,29.952266,23.342011,19.264807,4.771787
"7708","7am",9.735497,14.58675,28.699035,35.861755,11.116963
"7709","7am",13.268761,35.439369,29.978123,15.854323,5.459425
"7710","7am",8.276434,34.73865,23.668949,24.325632,8.990335
"7711","7am",9.655001,28.384544,39.254002,8.759607,13.946846
"7712","7am",26.758535,22.906849,22.060152,21.728069,6.546395
"7713","7am",21.299508,28.732993,24.104318,18.806487,7.056694
"7714","7am",16.073711,22.86332,24.817759,24.357703,11.887507
"7715","7am",21.17262,36.578285,20.90644,15.461166,5.88149
"7716","7am",14.090427,26.330729,29.914671,21.141404,8.522769
"7801","7am",5.883557,30.115112,16.129655,32.700054,15.171622
"7802","7am",27.140614,4.263343,22.450726,28.746456,17.398862
"7803","7am",12.690942,14.041897,28.02834,26.366348,18.872473
"7804","7am",17.249101,20.143938,20.033703,29.526931,13.046327
"7805","7am",17.221292,22.346371,25.154632,17.614804,17.662901
"7806","7am",14.080637,32.830765,23.440873,22.606141,7.041584
"7807","7am",26.209234,23.477567,24.421622,20.469582,5.421996
"7808","7am",17.994498,29.389826,24.967026,21.558901,6.089748
"7809","7am",14.472918,19.763552,25.562179,29.524486,10.676865
"7810","7am",16.262967,17.909665,13.706387,43.509153,8.611828
"7811","7am",13.684021,14.663603,14.852895,36.399178,20.400303
"7812","7am",15.723282,9.80878,18.035703,30.792089,25.640146
"7813","7am",24.638389,17.360272,23.507631,19.034744,15.458965
"7814","7am",14.481971,10.610184,28.165476,30.882777,15.859593
"7815","7am",16.493347,22.243644,25.013479,26.116916,10.132613
"7816","7am",11.197668,20.656391,23.869371,26.262192,18.014377
"9101","7am",17.956129,29.349517,18.573987,26.004027,8.11634
"9102","7am",13.998318,23.360321,22.048093,32.57548,8.017788
"9103","7am",14.114581,28.188707,20.74577,24.608285,12.342657
"9104","7am",12.151082,20.055808,30.833613,26.22069,10.738807
"9105","7am",11.682499,29.065186,23.294174,23.482943,12.475198
"9106","7am",18.755825,31.93716,21.307144,17.135496,10.864376
"9107","7am",14.173723,21.966368,24.63342,30.08377,9.142718
"9108","7am",15.193315,19.196726,24.890529,25.914009,14.80542
"9109","7am",5.905636,29.428517,31.8613,21.192702,11.611846
"9110","7am",21.777401,35.033851,22.734563,15.141937,5.312248
"9111","7am",16.45498,28.619779,21.547279,21.30012,12.077843
"9112","7am",9.968329,21.502369,26.083639,29.303919,13.141744
"9113","7am",7.616128,19.771657,19.511494,34.224356,18.876365
"9114","7am",14.871736,17.612832,9.762715,27.981045,29.771672
"9201","7am",11.375644,23.517082,26.747622,24.016905,14.342747
"9202","7am",12.956463,22.177095,25.648317,25.300021,13.918105
"9203","7am",15.546883,18.300701,14.12486,27.438328,24.589229
"9204","7am",15.113067,21.066114,26.005144,20.598825,17.216849
"9205","7am",6.096496,13.510892,22.707887,24.455721,33.229003
"9206","7am",11.960406,18.994709,15.349559,28.360786,25.334541
"9207","7am",14.990885,7.706238,18.437479,28.379927,30.485471
"9208","7am",12.112991,12.212026,16.610845,29.643091,29.421047
"9209","7am",9.848572,12.30636,22.250234,30.55409,25.040743
"9210","7am",11.104061,15.040896,15.068397,27.287031,31.499615
"9211","7am",12.957749,20.756268,28.193034,20.539024,17.553925
"9212","7am",9.12826,19.788327,21.046289,27.520502,22.516622
"9302","7am",10.828903,26.069583,34.411987,19.861864,8.827663
"9303","7am",26.720907,29.053394,17.163443,17.288046,9.774209
"9304","7am",17.613768,30.79138,22.860105,17.293211,11.441536
"9305","7am",19.648625,34.377035,19.918051,16.631034,9.425254
"9306","7am",8.83347,23.71253,31.153037,25.0111,11.289863
"9307","7am",32.062641,23.081869,20.957303,20.053282,3.844904
"9308","7am",21.356354,37.043337,18.743361,14.933721,7.923227
"9309","7am",21.781937,29.223962,25.044698,17.410054,6.539349
"9310","7am",23.324403,30.519873,24.978314,16.218902,4.958508
"9311","7am",27.031752,30.25091,23.223415,14.659102,4.834821
"9312","7am",26.998192,32.736891,18.267838,16.079174,5.917905
"9402","7am",12.696697,34.224633,18.066704,23.260599,11.751368
"9403","7am",9.003652,28.985515,22.136225,23.660982,16.213626
"9404","7am",15.791161,33.812834,20.690164,19.970331,9.735509
"9405","7am",10.589584,21.944722,28.288512,29.094589,10.082593
"9406","7am",16.835454,35.309883,19.184605,19.097489,9.57257
"9407","7am",12.43715,21.889997,18.924787,28.318058,18.43001
"9408","7am",10.082125,15.682522,18.547907,34.246539,21.440908
"9409","7am",9.206721,15.350813,18.410135,32.157854,24.874477
"9410","7am",14.74415,23.619489,29.071961,22.683089,9.881312
"9411","7am",19.602676,27.635681,27.526548,16.98633,8.248764
"9412","7am",15.766177,30.353681,17.133529,24.479918,12.266694
"9413","7am",19.938424,29.519384,26.739423,17.323528,6.479241
"9414","7am",18.396799,16.438033,25.481838,26.639718,13.043612
"9501","7am",11.049371,23.944547,29.012746,28.696781,7.296555
"9502","7am",17.379238,35.843768,16.036482,23.360381,7.380131
"9503","7am",12.761985,36.62608,16.669808,27.062349,6.879778
"9504","7am",13.069722,26.22514,24.308916,23.081921,13.314302
"9505","7am",15.951635,27.530121,34.574786,17.908979,4.034478
"9506","7am",22.190012,38.006916,21.992858,11.685531,6.124683
"9507","7am",27.018227,42.661548,18.947242,9.061164,2.311819
"9508","7am",26.827396,25.8344,28.119528,13.693266,5.52541
"9509","7am",13.188077,25.096637,23.298639,32.997266,5.419381
"9510","7am",14.083095,20.820407,28.359076,25.787454,10.949968
"9511","7am",7.298116,18.29141,28.517329,28.649255,17.24389
"9512","7am",16.126953,17.357206,25.985157,24.9293,15.601384
"9513","7am",17.848149,27.711274,10.717816,32.349674,11.373086
"7501","8am",4.578647,11.23455,18.709303,29.670883,35.806617
"7502","8am",15.370123,11.638564,11.766027,26.49115,34.734135
"7503","8am",13.21566,18.353465,16.451978,21.093285,30.885613
"7504","8am",8.741058,20.033634,14.544568,29.594199,27.086541
"7505","8am",12.532009,13.428594,13.102054,25.244356,35.692987
"7506","8am",12.532499,15.142051,23.611735,21.528528,27.185187
"7507","8am",9.885707,13.351772,20.453076,25.350907,30.958538
"7508","8am",9.516816,10.177211,20.048102,24.554523,35.703348
"7509","8am",12.974553,11.439503,14.651775,30.512746,30.421423
"7510","8am",14.48941,14.861347,9.643681,27.803325,33.202237
"7511","8am",13.085342,14.762009,13.428966,25.229887,33.493796
"7512","8am",13.413539,23.754765,9.090748,25.474994,28.265955
"7513","8am",21.664903,19.723589,17.583152,21.395364,19.632992
"7514","8am",16.784678,14.493239,14.200386,28.31825,26.203447
"7701","8am",7.399981,33.694614,33.962494,17.297098,7.645814
"7702","8am",13.272858,24.015854,20.46212,32.495367,9.753802
"7703","8am",10.738149,33.96704,26.940445,23.185395,5.168971
"7704","8am",22.282116,30.054266,28.854839,14.631791,4.176989
"7705","8am",9.400878,43.184661,21.154549,23.979422,2.280491
"7706","8am",19.373795,32.534129,26.599494,19.445775,2.046806
"7707","8am",20.83273,31.03756,23.495615,19.941149,4.692945
"7708","8am",11.622275,15.938416,27.514204,31.716405,13.2087
"7709","8am",14.060679,37.069335,26.78718,17.521433,4.561373
"7710","8am",9.92652,34.627182,21.898668,21.029532,12.518098
"7711","8am",11.491493,33.467272,33.692395,5.942754,15.406086
"7712","8am",26.179507,24.755761,22.900728,20.932942,5.231062
"7713","8am",22.452406,30.207515,24.131359,16.607483,6.601237
"7714","8am",15.759505,23.120192,23.603162,24.735632,12.78151
"7715","8am",22.488472,36.60783,20.992026,14.310857,5.600814
"7716","8am",15.597995,26.824984,28.647056,22.085401,6.844564
"7801","8am",6.489569,26.792096,18.237913,32.546707,15.933714
"7802","8am",24.287927,6.530599,22.949031,28.601136,17.631306
"7803","8am",14.751898,18.279408,25.674936,22.294058,18.9997
"7804","8am",19.952566,20.088299,18.599116,26.800233,14.559786
"7805","8am",17.904795,24.352343,22.066257,18.693401,16.983203
"7806","8am",16.337264,31.926428,25.128195,20.109005,6.499108
"7807","8am",25.916346,23.373434,26.342871,19.32099,5.046359
"7808","8am",19.307509,32.66652,21.926227,19.163021,6.936723
"7809","8am",14.830734,22.831141,22.575145,28.319292,11.443689
"7810","8am",18.284533,20.462481,11.047205,42.171476,8.034305
"7811","8am",14.743816,13.165181,14.807198,37.981786,19.302019
"7812","8am",14.128335,11.602601,16.885132,31.076933,26.306998
"7813","8am",23.629455,19.734231,26.530532,15.310773,14.79501
"7814","8am",13.627606,12.598881,28.248796,30.072377,15.45234
"7815","8am",18.75641,19.276538,24.31647,26.125374,11.525207
"7816","8am",11.400968,20.291907,22.773773,28.27061,17.262743
"9101","8am",17.82519,28.774103,18.582986,25.054308,9.763412
"9102","8am",12.758228,24.360698,23.701979,30.469041,8.710055
"9103","8am",16.974526,27.777728,20.23232,22.818671,12.196754
"9104","8am",15.153953,20.425575,29.664193,24.947749,9.80853
"9105","8am",14.203935,29.551908,25.535946,19.734923,10.973288
"9106","8am",19.098028,32.378818,24.322025,15.008003,9.193126
"9107","8am",13.672885,25.978162,22.514471,28.7105,9.123981
"9108","8am",17.362354,21.344794,26.55388,21.050907,13.688065
"9109","8am",6.5702,28.19345,33.108178,21.186294,10.941878
"9110","8am",23.970204,35.143293,22.253997,11.819576,6.81293
"9111","8am",19.702688,30.616107,18.182892,19.506759,11.991554
"9112","8am",9.536271,23.067521,26.664504,27.289175,13.442529
"9113","8am",8.250788,18.48921,19.96342,33.452911,19.84367
"9114","8am",15.440946,19.507834,10.237349,27.806612,27.007259
"9201","8am",11.429707,24.499967,25.449688,24.881727,13.738911
"9202","8am",14.916437,21.228794,27.532015,23.390924,12.93183
"9203","8am",16.944018,18.673199,14.3958,27.157478,22.829505
"9204","8am",15.917077,21.328529,25.682176,20.626028,16.446191
"9205","8am",6.937195,15.264747,24.541802,23.820959,29.435296
"9206","8am",10.770391,19.982359,17.215442,30.96592,21.065888
"9207","8am",14.659652,8.507385,17.40537,28.014445,31.413148
"9208","8am",12.406287,12.586798,17.904963,28.335835,28.766117
"9209","8am",9.805414,13.528708,23.109135,30.902004,22.654739
"9210","8am",12.395193,17.4014,14.786007,26.646983,28.770417
"9211","8am",12.128484,23.262179,25.397159,21.279502,17.932676
"9212","8am",10.232219,19.034117,21.976598,24.801874,23.955192
"9302","8am",11.797668,27.80139,31.217524,20.24753,8.935887
"9303","8am",26.765707,29.841776,17.713609,16.033104,9.645803
"9304","8am",17.121608,30.98639,24.360342,15.780698,11.750963
"9305","8am",24.21187,31.580015,20.508978,15.429784,8.269353
"9306","8am",10.056323,22.652873,32.848909,23.837408,10.604487
"9307","8am",35.312146,20.622295,21.967948,19.291462,2.806149
"9308","8am",21.270712,40.054456,15.803562,14.644625,8.226645
"9309","8am",24.352421,27.940441,24.694293,17.189114,5.823731
"9310","8am",22.958599,29.307811,25.481481,17.955816,4.296293
"9311","8am",27.471139,29.934983,22.46445,15.262231,4.867197
"9312","8am",25.531966,29.136978,20.100665,19.247874,5.982517
"9402","8am",15.830795,34.52129,17.720036,22.80932,9.118559
"9403","8am",9.10328,30.774169,21.321252,22.913168,15.888131
"9404","8am",14.739854,35.22932,19.664605,20.393458,9.972763
"9405","8am",12.538986,24.339035,26.942025,27.714384,8.46557
"9406","8am",17.305681,34.23167,17.918016,21.381277,9.163355
"9407","8am",12.330723,23.2964,18.882867,26.345603,19.144407
"9408","8am",10.891231,16.588296,19.32308,33.958522,19.238872
"9409","8am",8.080154,18.449665,19.633352,32.205287,21.631542
"9410","8am",16.346706,24.431919,27.478792,19.227332,12.515251
"9411","8am",20.272965,26.494528,26.874588,16.397232,9.960688
"9412","8am",17.89119,33.546305,12.006597,26.4667,10.089209
"9413","8am",20.830297,35.287713,27.723564,10.039591,6.118835
"9414","8am",21.719293,18.396404,25.146397,23.266551,11.471354
"9501","8am",11.246099,26.428399,24.326546,30.870446,7.128511
"9502","8am",19.389675,36.183308,15.90741,21.295742,7.223864
"9503","8am",16.398539,36.981072,15.720626,24.981727,5.918037
"9504","8am",15.143173,24.223326,25.830582,24.134207,10.668711
"9505","8am",17.435024,24.994826,32.346267,20.847418,4.376465
"9506","8am",24.099497,37.466016,18.995462,10.832193,8.606832
"9507","8am",30.113007,42.787962,16.471065,7.547822,3.080143
"9508","8am",28.129431,22.115318,28.46801,14.49147,6.79577
"9509","8am",15.044467,26.347794,22.476669,31.650429,4.480642
"9510","8am",15.058186,22.678755,29.47163,23.345351,9.446078
"9511","8am",9.305319,18.91292,30.181743,26.019669,15.580349
"9512","8am",18.164316,18.640838,21.043625,24.314481,17.836741
"9513","8am",17.774791,30.822295,10.722708,30.228566,10.45164
"7501","9am",6.372124,11.569353,20.90562,27.708828,33.444076
"7502","9am",12.625184,13.986414,16.29789,26.828884,30.26163
"7503","9am",11.454033,17.075747,21.40686,24.995084,25.068276
"7504","9am",9.601281,18.725113,18.76793,29.731646,23.174025
"7505","9am",12.60343,13.305814,14.5595,25.909069,33.622183
"7506","9am",13.210279,17.51498,25.2108,21.414379,22.649564
"7507","9am",9.88595,15.36723,19.09255,27.066133,28.58814
"7508","9am",11.062827,11.365061,22.65411,25.731267,29.18673
"7509","9am",12.31399,12.22885,16.55901,29.191204,29.706945
"7510","9am",16.437197,18.371468,10.02901,27.742553,27.419774
"7511","9am",12.522683,19.647355,15.92967,22.41477,29.485519
"7512","9am",16.011093,26.831067,10.85126,23.928731,22.377854
"7513","9am",22.106694,17.763773,20.42301,21.556846,18.149677
"7514","9am",18.037056,18.902522,13.84958,25.876081,23.334763
"7701","9am",7.256112,33.289945,30.96708,20.887219,7.599649
"7702","9am",11.993772,21.943457,22.99568,31.758199,11.308886
"7703","9am",11.156017,34.803435,26.44422,19.081924,8.5144
"7704","9am",18.806361,32.033525,27.00392,16.01145,6.144742
"7705","9am",12.604473,41.106316,19.36726,25.544185,1.377769
"7706","9am",17.937174,32.370084,27.10152,21.117119,1.474098
"7707","9am",20.521955,32.43258,21.29298,20.226297,5.526186
"7708","9am",12.347438,13.885526,30.50437,34.036065,9.226602
"7709","9am",11.560472,40.997383,25.76243,17.264899,4.414814
"7710","9am",13.002802,37.207562,20.58375,15.90242,13.303466
"7711","9am",13.133798,33.881304,29.71946,11.471108,11.794327
"7712","9am",26.384178,24.262888,21.01769,22.162273,6.172969
"7713","9am",22.091357,30.241604,23.28597,17.418679,6.962387
"7714","9am",16.6812,21.644523,26.93187,21.565189,13.177218
"7715","9am",23.926515,37.699345,19.38763,12.958666,6.027847
"7716","9am",13.769851,23.866087,33.89997,18.163803,10.300286
"7801","9am",8.785895,33.193008,18.923,25.748929,13.349169
"7802","9am",22.455258,6.07231,27.23688,32.635088,11.60046
"7803","9am",15.054289,21.149286,23.98328,21.699074,18.114068
"7804","9am",19.006638,24.652068,17.67774,26.491312,12.172243
"7805","9am",18.987417,24.093628,24.18512,21.641784,11.092049
"7806","9am",17.054046,32.868856,24.46086,19.095986,6.520255
"7807","9am",25.76704,24.985625,25.86594,20.166855,3.21454
"7808","9am",18.538213,33.9055,20.57564,16.925631,10.055019
"7809","9am",13.757999,23.291871,21.02802,32.864085,9.058025
"7810","9am",19.713123,16.862427,11.36525,43.734794,8.324406
"7811","9am",14.080337,10.771232,14.13826,40.275608,20.734558
"7812","9am",11.614089,13.444776,19.86255,30.695392,24.383192
"7813","9am",23.120905,20.807388,27.47084,16.21277,12.388095
"7814","9am",16.778947,14.675209,28.37855,30.000083,10.167214
"7815","9am",19.386545,21.906961,25.74669,25.460513,7.499292
"7816","9am",11.905022,19.492028,23.09816,25.101575,20.403211
"9101","9am",20.179641,27.196697,17.5371,23.474982,11.611585
"9102","9am",12.59924,21.937468,21.64317,33.108559,10.71156
"9103","9am",16.997489,29.143072,21.29374,20.025558,12.540137
"9104","9am",17.289271,22.62554,31.47457,19.063378,9.547243
"9105","9am",14.789509,27.678055,24.23921,22.590271,10.702955
"9106","9am",19.883657,31.897267,23.74748,15.705187,8.766405
"9107","9am",14.172496,26.748217,22.43728,28.779628,7.86238
"9108","9am",18.53163,22.565062,28.79356,17.649138,12.460611
"9109","9am",7.58598,29.181175,32.96418,20.028994,10.239672
"9110","9am",24.421404,35.947172,20.24832,14.612502,4.770598
"9111","9am",17.942506,27.363232,20.60446,21.546546,12.543259
"9112","9am",9.570565,25.655666,24.4838,27.89583,12.39414
"9113","9am",7.802788,21.526054,20.30895,32.326457,18.035749
"9114","9am",18.142824,15.970754,11.19855,26.906661,27.781212
"9201","9am",11.324593,26.745177,26.68897,26.032569,9.208686
"9202","9am",14.411211,20.184747,28.3991,18.054484,18.950462
"9203","9am",16.285054,19.225931,18.41264,27.19669,18.879689
"9204","9am",15.319375,21.008523,24.41462,24.921071,14.336411
"9205","9am",8.136736,14.010337,22.75066,24.125724,30.976542
"9206","9am",10.751083,20.062828,21.32038,27.128261,20.737448
"9207","9am",14.856622,9.980495,20.32789,27.807295,27.027693
"9208","9am",11.594266,13.192696,17.38526,32.104577,25.723203
"9209","9am",10.007354,14.908173,23.46088,29.611802,22.011791
"9210","9am",10.603141,19.996327,14.96476,29.054544,25.381222
"9211","9am",10.929196,27.144389,21.7613,18.966641,21.198477
"9212","9am",13.187704,16.641164,19.32458,24.592985,26.25357
"9302","9am",12.881472,27.390434,31.71112,19.61359,8.403386
"9303","9am",25.101628,30.098,16.90324,19.529865,8.36727
"9304","9am",14.657105,30.234669,23.83687,19.717506,11.553852
"9305","9am",22.457648,35.389551,19.59844,13.368419,9.185942
"9306","9am",11.162711,27.163031,33.44143,22.346153,5.886672
"9307","9am",36.412207,22.6031,17.79545,19.713977,3.475266
"9308","9am",24.17027,42.011164,15.16447,11.365232,7.288866
"9309","9am",24.07029,25.501631,24.95842,17.932707,7.536954
"9310","9am",20.935149,31.095238,26.24092,17.119996,4.608698
"9311","9am",27.908414,26.535717,22.03327,16.989505,6.533091
"9312","9am",23.713373,25.808033,20.44268,20.452388,9.583526
"9402","9am",16.421184,32.321238,18.0032,25.470481,7.783893
"9403","9am",9.208169,32.043785,22.04602,23.226429,13.475596
"9404","9am",16.204736,35.608362,17.51984,19.510064,11.157001
"9405","9am",13.358899,22.737154,24.7805,25.941331,13.182118
"9406","9am",14.711668,32.266581,17.88769,21.296012,13.838054
"9407","9am",10.666563,27.132212,22.71196,25.492515,13.996755
"9408","9am",11.775097,20.106603,19.18105,25.551465,23.385786
"9409","9am",9.824065,20.431287,17.97915,34.523429,17.242067
"9410","9am",14.138769,23.211662,26.52933,24.502271,11.617966
"9411","9am",22.814588,26.145343,23.17323,19.37517,8.491668
"9412","9am",19.311641,33.210793,15.86948,26.566782,5.041309
"9413","9am",22.508579,32.39434,26.4629,8.858696,9.775485
"9414","9am",23.260711,18.27392,28.73809,18.137198,11.590079
"9501","9am",11.237032,27.038472,23.1988,28.691333,9.83436
